# Position (bp)	A	C	G	T	N
0.0	25.575369249252077	23.33042802289699	22.889920143223954	28.204282584626984	0.0
1.0	27.00760877246708	22.322206779581162	22.5271489481991	28.143035499752656	0.0
2.0	25.553149420958476	24.239713774597497	23.07221542227662	27.134921382167406	0.0
3.0	26.2892904197252	23.458968567664222	21.350931677018632	28.900809335591944	0.0
4.0	26.296226592641386	23.532041027571278	22.58868918791757	27.583043191869766	0.0
5.0	25.947967632668423	25.44928490779074	19.19928490779074	29.403462551750092	0.0
6.0	28.151388986898123	20.3396608096347	23.13880460094559	28.37014560252158	0.0
7.0	27.346065195917024	22.084764099910625	23.171362716966932	27.397807987205418	0.0
8.0	26.248824082784573	20.552681091251177	20.512699905926624	32.68579492003763	0.0
9.0	30.420978363123236	23.219661335841955	20.333960489181564	26.025399811853244	0.0
10.0	28.54220069139054	19.144933330197773	22.9170096183242	29.39585636008748	0.0
11.0	28.379268177970086	21.46787696359703	20.990499482645095	29.16235537578779	0.0
12.0	26.570877622048727	24.459128962468256	18.333176559119558	30.636816856363463	0.0
13.0	25.801293356848916	24.089359200470312	21.84597295708407	28.26337448559671	0.0
14.0	27.070498048252833	20.897803696562104	20.427503174528525	31.604195080656538	0.0
15.0	27.08460706391384	22.701406198560882	20.248788976155762	29.965197761369517	0.0
16.0	28.747119409302545	19.976014673376287	22.268729718289986	29.00813619903118	0.0
17.0	25.98645534496543	21.384564736866857	21.05770587405352	31.57127404411419	0.0
18.0	28.04872313408268	20.52156327893524	21.386916239477024	30.042797347505058	0.0
19.0	23.402153976390913	20.54272680242675	24.540281239712176	31.514837981470162	0.0
20.0	25.985751569443465	19.63273847311373	24.42453739625215	29.95697256119066	0.0
21.0	26.06804448519903	27.163715877830292	17.909289694575723	28.858949942394958	0.0
22.0	30.192095177635135	23.669793797465378	16.926477157837812	29.21163386706167	0.0
23.0	29.956268221574344	22.347879243863446	19.97789899369886	27.71795354086335	0.0
24.0	27.055366169037264	22.945809333490068	16.593393675796403	33.40543082167627	0.0
25.0	25.998542445400474	22.883607212544373	21.125138115052778	29.99271222700238	0.0
26.0	28.41224317081198	23.017067092952185	21.0212045700315	27.549485166204335	0.0
27.0	26.22126099017349	26.53627344962152	19.551930039023933	27.690535521181058	0.0
28.0	30.60015515174311	21.06537530266344	17.950586520604624	30.383883024988833	0.0
29.0	24.19661957262747	26.909424293001717	21.267542725498952	27.62641340887186	0.0
30.0	32.106834693061856	19.923353631298053	19.742317729762775	28.22749394587732	0.0
31.0	24.227034398438786	24.506830312007715	20.35926735792716	30.90686793162634	0.0
32.0	36.58209692210021	16.86613839968022	19.849984716311223	26.701779961908343	0.0
33.0	23.41571237096433	25.86121757942013	21.386413337409174	29.33665671220636	0.0
34.0	37.049928270736814	20.17591307824369	17.38905481997131	25.385103831048188	0.0
35.0	26.461871383544246	24.782424613068635	21.748130027755565	27.007573975631555	0.0
36.0	27.21349266089575	26.851242002258186	20.514207753105005	25.421057583741064	0.0
37.0	27.880498706186778	19.637732298282756	18.341566690190543	34.14020230533992	0.0
38.0	30.58267272000188	17.835383783020863	23.1445978687869	28.437345628190354	0.0
39.0	26.490860758898116	20.612105671740103	22.16707050271707	30.72996306664471	0.0
40.0	29.02482060934008	19.76473356075756	23.25138219033055	27.959063639571813	0.0
41.0	28.336823283062373	24.842952262193258	20.946756699527093	25.873467755217277	0.0
42.0	30.480918545009644	22.40365159286622	21.269587313538185	25.84584254858595	0.0
43.0	29.44235294117647	21.889411764705883	21.863529411764706	26.80470588235294	0.0
44.0	25.93655873493976	21.40672063253012	25.72242093373494	26.934299698795183	0.0
45.0	26.918460995411227	24.640545946581952	23.69219908224497	24.748793975761853	0.0
46.0	27.040828332745026	22.814448758677493	20.896576067772678	29.2481468408048	0.0
47.0	24.889390944177727	21.858232137814177	24.414007342558598	28.838369575449498	0.0
48.0	27.02988938573782	21.009649329253943	23.497293480819017	28.463167804189222	0.0
49.0	24.575732611509945	21.398140520183595	23.662469106743554	30.363657761562905	0.0
50.0	28.29331450094162	20.765065913370996	20.859227871939737	30.082391713747647	0.0
51.0	28.82568980129956	25.454374234862037	23.16131462472926	22.558621339109145	0.0
52.0	30.632857748269533	22.625606253237272	20.640862645383056	26.10067335311014	0.0
53.0	31.42998422378676	20.857566695707458	24.384845416656855	23.327603663848926	0.0
54.0	27.79334542115054	22.808298208020343	24.586149245296347	24.81220712553277	0.0
55.0	28.858380822304902	25.794753449818682	21.410069231856074	23.936796496020346	0.0
56.0	29.48144310474755	22.48728334589299	22.24707987942728	25.784193669932176	0.0
57.0	31.19715490237641	19.59301914788384	23.740549706775948	25.4692762429638	0.0
58.0	30.4260781496573	20.01790046399887	22.86313211013496	26.69288927620887	0.0
59.0	27.817689318101518	21.022258862324815	22.762925450476974	28.397126369096693	0.0
60.0	27.187713471368337	22.919463877700043	22.165689115021316	27.727133535910305	0.0
61.0	27.441279713525102	23.431573491648408	20.788277145616888	28.338869649209602	0.0
62.0	26.97201017811705	23.060974460465555	22.691075299217793	27.275940062199606	0.0
63.0	29.336223756450437	23.681048092556374	21.230471971535618	25.75225617945757	0.0
64.0	31.374166332807015	24.179294417081046	19.708717271934578	24.73782197817736	0.0
65.0	29.951212614014	21.41224162718895	19.896768719507886	28.739777039289166	0.0
66.0	29.67284212511196	22.050157922028944	19.24763116956583	29.029368783293265	0.0
67.0	30.26824438996794	23.116632095040544	20.026400150858002	26.58872336413351	0.0
68.0	29.66996699669967	21.272984441301272	23.21074964639321	25.846298915605846	0.0
69.0	29.91134584551542	20.81486371781571	23.002923700839382	26.270866735829486	0.0
70.0	29.861585984107148	23.678936074889766	21.278502204720695	25.18097573628239	0.0
71.0	28.161041533998443	19.44857190028067	24.979362720818887	27.411023844902004	0.0
72.0	26.20120297204859	21.589810119117818	22.36348626017219	29.8455006486614	0.0
73.0	27.017974241637965	21.793178279945273	19.823559937727037	31.365287540689717	0.0
74.0	27.991130401962632	23.318078882808077	22.346197395735047	26.34459331949424	0.0
75.0	26.69607473108134	22.091432345725607	19.392809964144178	31.81968295904888	0.0
76.0	24.493936677204736	26.091162176190252	21.419808427310905	27.995092719294107	0.0
77.0	26.199410029498527	23.497345132743362	22.621828908554573	27.68141592920354	0.0
78.0	30.646683974510267	22.650460231295728	15.67382582015577	31.029029974038234	0.0
79.0	27.53021148036254	22.769543051359516	21.480834592145015	28.219410876132933	0.0
80.0	25.100325763656105	24.41102875218356	20.55379821538171	29.934847268778626	0.0
81.0	28.676314360584527	23.75882339054274	22.247928421350835	25.316933827521897	0.0
82.0	26.724117577617758	24.105772636052414	21.27729902018652	27.89281076614331	0.0
83.0	27.93086349791032	20.63705697622252	21.20374961630186	30.2283299095653	0.0
84.0	26.730896382355716	17.816661943893454	27.12760933219987	28.32483234155096	0.0
85.0	26.57504486634552	21.42486067819023	24.804004911684142	27.196089543780104	0.0
86.0	26.543239030841164	21.822604260142633	23.723610258347897	27.910546450668306	0.0
87.0	27.817009517961317	18.88476890012045	24.5979074655771	28.700314116341136	0.0
88.0	28.57142857142857	23.14814814814815	23.44812925170068	24.8322940287226	0.0
89.0	29.32158548684273	18.446166202107054	20.784712051778712	31.44753625927151	0.0
90.0	28.37904883407754	20.700734755593356	23.38223828761783	27.53797812271127	0.0
91.0	28.65817640526428	23.287574132268507	19.28974789121754	28.764501571249674	0.0
92.0	28.426275992438566	22.6937618147448	20.189035916824196	28.69092627599244	0.0
93.0	30.566911643074885	20.3795165063686	22.064418555190585	26.98915329536593	0.0
94.0	29.703414864705184	20.0236322816968	24.211272598369373	26.06168025522864	0.0
95.0	26.318899498912735	26.500898175285997	21.111846459298476	26.06835586650279	0.0
96.0	26.906433993048168	22.30971128608924	19.356364238254002	31.427490482608594	0.0
97.0	25.958855521399858	22.29605107590447	21.586663513833056	30.158429888862614	0.0
98.0	28.0321665089877	20.41390728476821	23.874172185430464	27.679754020813625	0.0
99.0	32.205795387344764	22.805440567711415	19.62862211709048	25.36014192785334	0.0
100.0	28.449417999432196	21.396801362733036	21.61919182360178	28.534588814232993	0.0
101.0	26.391879421716396	22.0571185197454	23.244918723233088	28.306083335305114	0.0
102.0	29.51157177339202	26.828056226040044	19.795068389417388	23.86530361115055	0.0
103.0	27.138901379783686	24.23969895628713	21.198494781435638	27.422904882493548	0.0
104.0	28.713785267941677	21.821151297102823	21.98920658966105	27.475856845294448	0.0
105.0	28.123002627654287	23.883246928485192	22.27824728357361	25.71550316028691	0.0
106.0	28.28290003314865	20.55452952597433	24.361888525832267	26.80068191504475	0.0
107.0	32.04642349597348	24.00284225485552	19.50734249171009	24.44339175746092	0.0
108.0	27.915571032620285	21.83687489635894	20.86561012010518	29.381943950915595	0.0
109.0	29.523110089787025	24.09561488711473	21.07744426808178	25.303830755016467	0.0
110.0	29.563713060170155	21.03230087446975	21.62002038059578	27.783965684764322	0.0
111.0	29.63832006067501	23.604000758437618	23.06835419036784	23.68932499051953	0.0
112.0	26.64327873515538	22.324412733780548	23.602057505866735	27.430251025197332	0.0
113.0	24.74749869600266	24.975105505239696	21.95457347432311	28.322822324434537	0.0
114.0	28.11469772075042	21.495149775869837	21.480919289424378	28.909233213955364	0.0
115.0	23.848945608084065	23.343691439144152	22.73406551699599	30.073297435775793	0.0
116.0	26.927639383155398	21.812574139976277	22.95373665480427	28.306049822064054	0.0
117.0	27.767488246188915	23.961153060739896	23.111079451013914	25.16027924205727	0.0
118.0	29.37767220902613	23.0166270783848	21.06650831353919	26.53919239904988	0.0
119.0	28.5629439574276	24.723825814268405	20.680398165965837	26.03283206233816	0.0
120.0	30.159446807499464	24.33524225934463	22.296414229023593	23.208896704132307	0.0
121.0	27.688651218062983	24.221033868092693	21.4212715389186	26.669043374925728	0.0
122.0	29.622762604292944	21.678670755187905	20.24531127433502	28.453255366184127	0.0
123.0	25.56878967263391	22.761096450562253	24.643986401350357	27.02612747545349	0.0
124.0	28.147514088023396	22.341108495613096	23.59654754262073	25.91482987374278	0.0
125.0	31.543528404632248	20.269659715121392	22.093548617221124	26.09326326302523	0.0
126.0	29.58999238964992	23.08076484018265	21.73230593607306	25.596936834094368	0.0
127.0	28.73555016412159	22.182579325436468	23.526473526473527	25.555396983968414	0.0
128.0	28.100392530034497	23.968121803259187	20.511478529796598	27.420007136909717	0.0
129.0	28.031600989910526	21.8042071197411	26.40395964210927	23.760232248239102	0.0
130.0	32.18910683679299	19.693867834698153	23.050371357836603	25.066653970672252	0.0
131.0	28.161535347762936	25.897087887230043	17.93461437721742	28.006762387789603	0.0
132.0	31.13032294941412	20.88215680670668	23.3614366009336	24.626083642945602	0.0
133.0	27.42127578486018	21.461578771854604	22.16902482016102	28.948120623124197	0.0
134.0	25.684335914234662	21.269803454437163	25.87969029184038	27.16617033948779	0.0
135.0	24.76292589945199	20.162020490826784	25.127472003812244	29.947581605908987	0.0
136.0	27.0086040470005	22.010629930643276	22.596944490788186	28.38382153156803	0.0
137.0	29.489594011490688	24.075619233795027	20.184995351276612	26.249791403437673	0.0
138.0	32.1265889198922	23.531516062102025	20.25231928644678	24.08957573155899	0.0
139.0	30.995658604074233	19.462334812270406	22.162587662802345	27.37941892085301	0.0
140.0	32.45197470468918	21.780217157857056	23.601002267032573	22.166805870421193	0.0
141.0	26.928953399541633	24.560733384262797	22.603132161955692	25.907181054239874	0.0
142.0	26.597091204356026	24.509827335036896	23.232154371552074	25.660927089055	0.0
143.0	28.95912468047493	23.58393654889032	21.768317446666188	25.68862132396856	0.0
144.0	29.924966545593577	22.682087554960813	21.22921047600841	26.163735423437203	0.0
145.0	28.298187730120024	24.27437479079998	21.144742504662172	26.282694974417826	0.0
146.0	27.508191232391837	24.37519431755674	19.252385621696604	28.864228828354815	0.0
147.0	30.141869422713462	21.620134452977343	21.222995765448935	27.01500035886026	0.0
148.0	30.285263006748668	22.567367060738047	21.6795098836931	25.467860048820178	0.0
149.0	29.779235705392203	21.99980844746672	20.831337994444976	27.3896178526961	0.0
150.0	30.576116900227575	23.80644388549527	20.48628578272847	25.131153431548686	0.0
151.0	30.32089534354255	24.686653725405613	17.39640999832243	27.59604093272941	0.0
152.0	28.0560017260806	23.934984297461224	20.641047155563015	27.367966820895163	0.0
153.0	27.9180756409334	20.341991030529773	24.519749622274983	27.220183706261842	0.0
154.0	28.527901732162565	18.173312221102634	28.51590614653807	24.78287990019673	0.0
155.0	31.88691019056305	21.425142802284835	20.400326405222483	26.28762060192963	0.0
156.0	33.40135401161953	20.00048014596437	22.043501224372207	24.554664618043887	0.0
157.0	31.29098114567071	18.263480244986187	24.628317521316202	25.817221088026898	0.0
158.0	27.472606689734718	21.3739907727797	23.67839292579777	27.475009611687813	0.0
159.0	29.83502477033332	17.231013419267953	24.549083738155932	28.3848780722428	0.0
160.0	27.992970461494014	22.513782228748884	24.641902790149018	24.85134451960808	0.0
161.0	30.977396501036193	21.861294520217843	21.152826642247817	26.008482336498144	0.0
162.0	34.14775331033984	22.488603748100626	19.208412725211645	24.155230216347892	0.0
163.0	27.07810388105812	23.706313960223984	22.907414558795132	26.308167599922765	0.0
164.0	30.558306960114027	22.680163312637404	20.643587079941053	26.11794264730752	0.0
165.0	30.822414543344777	20.816612677077792	22.22840013537688	26.132572644200554	0.0
166.0	31.095731294163198	23.712612525408964	20.849869325331525	24.341786855096313	0.0
167.0	32.380583276814264	21.541032845654488	21.439298517585506	24.639085359945742	0.0
168.0	28.917064656112874	21.4090038546389	23.809062037867584	25.86486945138064	0.0
169.0	28.378738992261226	19.861235777880207	24.366221100895174	27.393804128963396	0.0
170.0	27.822286962855063	23.59796067006555	24.549647972808934	24.030104394270456	0.0
171.0	28.559972783825817	22.693915241057542	21.073094867807153	27.673017107309487	0.0
172.0	26.780502043199068	23.39949406499319	21.723584354932864	28.09641953687488	0.0
173.0	30.68627212308591	24.714560459624607	21.381795165177593	23.217372252111886	0.0
174.0	27.320127670979215	22.36678605365105	21.460419559973687	28.852666715396047	0.0
175.0	27.525554389988045	23.66373106291625	19.516479227147425	29.29423531994828	0.0
176.0	31.885331965912144	20.018069494298345	22.298732693575563	25.797865846213952	0.0
177.0	31.9399628434536	18.20181871516574	21.956585508946905	27.901632932433756	0.0
178.0	29.69778539092133	17.415881561238223	24.654349687997062	28.231983359843387	0.0
179.0	28.828961226639233	18.230582702623263	24.56462635020942	28.375829720528085	0.0
180.0	30.354602972190886	20.18490362450341	20.226592770611603	29.233900632694098	0.0
181.0	29.713009108094173	20.268578302604766	23.4478187219208	26.570593867380254	0.0
182.0	28.083673369057564	22.294872425151173	22.899562460056046	26.721891745735217	0.0
183.0	32.45378689049154	18.379402860166884	21.45371304797302	27.713097201368548	0.0
184.0	33.09175171325741	23.016812108662428	20.078390770596066	23.8130454074841	0.0
185.0	31.647038490975977	20.11455941535195	20.378737377478213	27.859664716193862	0.0
186.0	27.829162132752995	20.31605500049461	22.643189237313287	29.211593629439115	0.0
187.0	28.676488795344806	20.8146589080104	21.37674879286864	29.13210350377615	0.0
188.0	27.60151812070548	21.39012229305683	22.439411604197158	28.568947982040534	0.0
189.0	32.20743095569243	20.045201668984703	22.327637591893502	25.419729783429368	0.0
190.0	29.29717626570469	18.17141435501928	20.731434257992287	31.79997512128374	0.0
191.0	29.412498129769087	18.575133409804998	23.933968380629395	28.078400079796516	0.0
192.0	31.38479994001949	18.81138629945268	21.180616299702596	28.623197460825235	0.0
193.0	29.425609695027294	20.329009965446442	24.595623215984777	25.649757123541487	0.0
194.0	34.27036795341599	18.10150092866824	20.867426334019378	26.76070478389639	0.0
195.0	29.047918500817506	18.780027669475537	19.527103508992578	32.64495032071438	0.0
196.0	27.544562942793032	20.97672894133071	21.576784408642816	29.90192370723344	0.0
197.0	29.88392382975495	20.81025718837721	17.64408365576714	31.661735326100697	0.0
198.0	26.573745565129247	23.0613279270147	21.95387734414597	28.411049163710082	0.0
199.0	29.76217670499251	20.23655422726465	22.23406685448869	27.767202213254144	0.0
200.0	29.91709475611617	19.337775291185597	20.797517928894766	29.947612023803472	0.0
201.0	30.37726229926077	19.9898037216416	18.86821310221769	30.764720876879935	0.0
202.0	29.384697972852063	17.01986247092206	20.542447404074746	33.05299215215113	0.0
203.0	27.85027560569158	21.745930008973207	23.222663761056275	27.181130624278936	0.0
204.0	31.28359437286218	17.75583159735617	23.34182033279325	27.618753696988403	0.0
205.0	30.928446231570266	21.976492421899167	18.687493556036706	28.407567790493864	0.0
206.0	34.108887854816196	19.295796494493565	19.722351481309136	26.87296416938111	0.0
207.0	32.6932545544067	19.18422348337609	23.211277825287	24.911244136930215	0.0
208.0	32.42955460329827	16.841968575509675	20.745357745747306	29.983119075444748	0.0
209.0	27.651426338413444	22.383743649863227	20.330858408232384	29.63397160349095	0.0
210.0	30.189221682086664	17.505619152161415	22.39036119387382	29.914797971878105	0.0
211.0	33.21351734270871	20.08710709975337	19.24752059610642	27.451854961431494	0.0
212.0	33.46318864994341	18.067437024558448	18.47016398620726	29.999210339290883	0.0
213.0	31.33937775898073	18.63551056012265	23.47281330126087	26.552298379635747	0.0
214.0	31.526152376403154	20.080672982512006	20.752063264602075	27.641111376482762	0.0
215.0	28.82494004796163	19.600319744204636	23.00826005861977	28.566480149213962	0.0
216.0	27.690127286340786	19.023424965236924	20.542303989731522	32.74414375869077	0.0
217.0	31.884913712123247	20.37360100915215	18.940390241283986	28.801095037440618	0.0
218.0	28.969644686472208	26.157869197174744	19.79026257615787	25.08222354019518	0.0
219.0	28.76627066814602	20.314994723026548	21.39745081590128	29.521283792926152	0.0
220.0	30.149278081409577	22.35092585039563	17.192810724093864	30.306985344100934	0.0
221.0	30.58865325754263	21.04831657192829	19.189986882378662	29.173043288150414	0.0
222.0	32.80169100691776	21.823871747007797	18.6010760953113	26.773361150763147	0.0
223.0	29.03848806731963	20.09104704097117	20.320044144019864	30.550420747689337	0.0
224.0	29.793019255313247	19.926752122523723	21.572054824926475	28.708173797236558	0.0
225.0	26.959209649069642	26.074307533789927	20.698224134796046	26.268258682344385	0.0
226.0	29.736218606855157	18.74901279418733	22.969515084504817	28.545253514452696	0.0
227.0	29.513657561625585	23.057961359093937	18.29113924050633	29.137241838774152	0.0
228.0	26.818274249305222	20.507693350504983	21.158408459296414	31.515623940893377	0.0
229.0	31.665955631399317	20.524032992036407	22.63225255972696	25.177758816837315	0.0
230.0	29.32631196658798	18.819684038496458	23.079716724169238	28.774287270746324	0.0
231.0	27.265794791626952	18.812673961947613	22.922942006329354	30.998589240096088	0.0
232.0	23.91226748106136	21.865704200214175	22.325784317613927	31.896244001110542	0.0
233.0	29.378670280481295	19.703502936224385	19.908833312800294	31.008993470494023	0.0
234.0	29.890739894478834	18.873333056374893	23.10664284824062	28.12928420090565	0.0
235.0	30.038218748658053	18.353587838708293	22.557650191093742	29.050543221539915	0.0
236.0	31.144971702220285	18.68088811493252	20.89246843709186	29.281671745755332	0.0
237.0	34.45681070607849	20.641643761546433	17.122516108682916	27.779029423692155	0.0
238.0	29.661800036961743	21.78894843836629	21.063574200702273	27.485677323969693	0.0
239.0	28.717771069431386	22.87821052110655	21.076854555352107	27.32716385410996	0.0
240.0	24.712036617876365	20.20019113726674	22.508928122327852	32.57884412252905	0.0
241.0	27.83580530603718	20.884687695842906	22.790891999164405	28.4886149989555	0.0
242.0	25.1111468209331	20.092131340725267	22.454336065134715	32.34238577320692	0.0
243.0	25.95001711742554	18.7435809654228	25.88725322378181	29.419148693369852	0.0
244.0	29.869680544343215	19.1385076692423	23.238380809595203	27.75343097681928	0.0
245.0	25.273133337357397	26.100078469246093	19.931188507273497	28.695599686123014	0.0
246.0	29.38324639459957	23.424363301626265	19.122430193310834	28.06996011046333	0.0
247.0	29.32776505456015	24.430823117338004	23.548430553684494	22.692981274417352	0.0
248.0	30.70539419087137	20.440786341065234	22.413441262499152	26.440378205564247	0.0
249.0	30.856359570016593	21.181732919702764	23.807806074597792	24.15410143568285	0.0
250.0	23.285264621916404	24.44184173925774	27.091720957470173	25.181172681355683	0.0
