"CDR017-DIL"	"CDR025"	"CDR021"	"CDR029-DIL"	"CDR022"	"CDR018"	"CDR026-DIL"	"CDR030-DIL"	"CDR031-DIL"	"CDR023"	"CDR027-DIL"	"CDR019"	"CDR020"	"CDR028-DIL"	"CDR032-DIL"	"CDR024"
"ILMN_2696146"	160.21968593075	162.620367348083	184.233072052456	174.134861218255	145.756486758951	144.664681523535	175.614197850302	207.656860878918	168.421223004876	187.356988787832	154.76646147939	166.146604664616	164.730527533755	187.734282892149	192.252080759598	144.915602796684
"ILMN_2773540"	3103.39426273525	3146.97959344395	3415.53111350211	3256.30456989992	3146.97959344395	3037.79595901899	3234.42316792684	3256.30456989992	3311.50515454717	2985.56626246746	3311.50515454717	3426.01758688045	3020.43657024533	3268.03990308467	3256.30456989992	2909.30386872102
"ILMN_2766894"	310.549644301001	359.984658948878	302.232594518903	355.378882813835	272.142736569558	318.926027572413	279.843993044315	377.971971355893	405.459850781768	270.227920450813	376.832713969815	358.772538402066	245.385477784743	345.749044024304	361.699809697393	302.232594518903
"ILMN_2642313"	864.838622956321	870.863076246121	861.251524780702	931.777403778425	773.526508127507	859.293858548433	830.544545127954	869.526359668806	885.432872479327	790.274498483684	957.454087950553	945.786865955696	816.009143386301	911.361568685836	790.274498483684	851.169842630701
"ILMN_1216168"	109.647152891523	195.061157782088	148.612954554011	111.473109738226	108.959367900537	147.893363265102	186.910377774981	149.281879076115	138.658707954989	118.930418126851	141.280126018345	185.640584706475	185.411878541599	152.377515527579	139.172620704951	143.394989628585
"ILMN_2440803"	220.619466796737	256.947639908727	254.669788458206	320.189863133312	224.075622338378	222.452631271243	202.446431493004	276.698861075428	280.146400493415	212.392862674901	249.573447762868	244.457439523694	265.499243488264	291.195617733215	276.698861075428	199.239629687151
"ILMN_2867927"	165.896523063788	147.316072927139	180.950794014374	172.979792412453	153.297641656477	150.845248267724	164.849220822837	185.411878541599	138.927551508505	179.809351900118	169.386749253404	164.849220822837	198.983373983367	153.426151855314	153.297641656477	176.348336514443
"ILMN_2619408"	110.381697421226	174.344941021627	180.013584151774	141.668358847195	208.342866072565	89.1404208303437	210.452183639325	143.621532596871	147.316072927139	179.078079007019	135.042687397842	109.213958477202	126.488314483536	129.367110643782	139.560497887233	200.695577684679
"ILMN_3015003"	138.731281473233	134.28798953197	139.369219746625	178.198570230794	122.160824669217	139.675534809609	129.816401467278	177.141598869479	180.7502917237	135.295898995024	144.788626383627	115.626688573719	115.932639559749	145.56747899837	163.896574082405	181.442534562751
"ILMN_2959976"	846.917749493412	886.792061085139	903.42188159395	1026.58387817518	1019.23259038228	830.544545127954	867.740220099205	882.431343877542	917.216913961538	963.631036165856	711.733809420746	849.949538303924	812.312376136634	737.385488084088	867.740220099205	817.720462789958
"ILMN_1246734"	470.000203779845	368.269001515256	542.263212048018	424.367987567879	485.196714786404	623.486838655153	418.577617997242	430.178775993743	439.251286381519	431.274701883777	365.593655229645	368.269001515256	481.309632294357	472.602014192405	426.735378104158	468.993683910487
"ILMN_2472444"	180.597636646327	160.884975410803	132.708238268148	163.540393756551	113.767256599835	141.160168652535	154.76646147939	184.073206824323	226.867581724119	129.626676934435	182.245042800604	159.884765712734	157.48301615556	157.159400459038	205.19637230636	162.812414478414
"ILMN_2762026"	219.112334625771	197.158434133973	271.796541737481	202.835088519857	285.115434280599	276.698861075428	236.441210094834	381.197559869559	228.941673595795	240.652854907352	175.193893879516	199.239629687151	197.903607631961	216.722956740665	242.592555377262	437.423466288926
"ILMN_2802952"	228.620297648506	262.091183104265	240.049418133337	229.66749650735	238.911297108168	252.078043193026	299.403220259156	225.41653212484	235.186465907689	203.706999458619	283.843766159967	255.017652310573	257.622355177836	246.812225656787	228.082370183228	258.825074896342
"ILMN_3006911"	339.679429329215	332.818739222092	307.043866427981	246.482196380788	361.061433904275	407.496786726766	309.747407550305	283.046441327222	290.338434638436	322.429805868317	290.00415434251	372.850028276935	429.700317700461	327.97037880603	279.457878773484	356.087759773082
"ILMN_1255564"	168.935582428842	160.494081590047	204.558807895178	227.516354827666	209.776351166102	176.637361710776	180.013584151774	257.622355177836	198.184999036817	211.421692494549	149.426844998698	168.085519866078	165.335475028765	178.483750666646	219.601486407792	264.801126405456
"ILMN_3155915"	267.931406168734	271.268376795489	234.186150748252	284.388297954252	273.422666182531	312.034060217891	269.005776010999	292.178252353524	254.669788458206	247.098545960846	252.078043193026	256.178693464757	303.614855315165	262.091183104265	270.227920450813	240.049418133337
"ILMN_1213273"	264.801126405456	224.382424261451	294.720787673554	260.059745394473	276.698861075428	302.232594518903	206.420579823501	281.208315118697	288.725273714992	299.720866161668	232.486160686618	261.571684365823	242.927757853786	235.431454607578	262.513951432499	292.178252353524
"ILMN_2731424"	399.046125507477	473.334540024311	445.092804374971	407.496786726766	406.350502684524	426.735378104158	410.140512069712	445.757779820815	451.9511651294	475.216984487059	438.525030888638	460.735791140362	420.535760737231	383.448718359218	436.803877994107	427.709323376374
"ILMN_2688721"	327.97037880603	299.720866161668	345.41057362798	305.640378347709	363.795679369119	304.215544006124	295.800991277182	297.018806681545	286.607148354105	332.399485728257	319.677832586974	357.145578608382	318.926027572413	347.102352454971	295.355989509007	325.330276409995
"ILMN_1226508"	489.816058659362	510.689020804935	574.367524262937	570.897239116234	482.047107186225	539.139765816497	565.227305694532	676.659005294521	566.970475571112	436.803877994107	455.446747893589	559.156328240973	470.663905414315	495.545934756306	693.671512668326	643.067468807593
"ILMN_1246611"	11304.6275526543	12047.6910728434	12436.0066559893	12436.0066559893	11043.7891212384	10911.0019746959	11395.766497756	12254.9238344302	11489.9714111655	12254.9238344302	12162.6339622203	12047.6910728434	11395.766497756	11794.8187387302	11794.8187387302	12436.0066559893
"ILMN_1250417"	1344.3737658904	1537.27322008714	1218.51369283829	999.104710097449	1035.55198745705	1389.60026000153	1543.59210426128	1146.68691997431	1397.46968781217	1378.06889758268	1805.43947233778	1408.5479820606	1557.45955604536	1762.82909248149	1282.0741412926	1514.18616050431
"ILMN_2689887"	4930.26837586326	4958.76514885803	4958.76514885803	5490.26637317441	4263.6511906442	4930.26837586326	4770.36660652933	5604.79876602349	6390.45053168277	4751.37878302292	5672.27291212232	5326.07470070583	5025.1209460744	6084.12145160063	6084.12145160063	4867.87863738599
"ILMN_2875876"	162.620367348083	178.198570230794	196.319554823649	176.637361710776	220.619466796737	181.528129125179	220.619466796737	197.309912295578	178.483750666646	227.173440740117	138.853476887168	172.841991606866	192.252080759598	209.059996081712	186.548711948991	224.382424261451
"ILMN_2797928"	483.061187025741	494.515919489221	371.600851240809	366.344723653446	385.955426441951	488.404320240516	605.088614125146	339.181387159091	397.787696509851	459.84932568973	480.040798565325	505.312650197434	493.643936051451	442.400997818043	452.997415125838	377.971971355893
"ILMN_2695181"	2860.32191816475	2752.40980667495	3020.43657024533	2586.70786598575	2508.84946290585	2925.33320913453	2872.93520030136	2693.59136958246	2451.34316276235	3256.30456989992	2280.73405112398	3064.33885992686	3256.30456989992	2291.08676854828	2872.93520030136	3116.10456232667
"ILMN_2427560"	314.549967991377	369.346691839627	396.889348392585	338.601169726738	338.601169726738	305.640378347709	339.181387159091	349.51900767888	367.098277222458	256.947639908727	350.082317332543	369.346691839627	259.556429279655	383.099109544962	299.403220259156	359.984658948878
"ILMN_2636335"	4469.64402141686	4693.71813860176	5418.49892093275	5716.71744750273	4612.04555847863	4050.92331070613	4993.88923671829	5212.55761340828	5631.3418704369	5418.49892093275	5326.07470070583	4073.53685997972	4639.61952698331	4639.61952698331	6012.32452029422	4958.76514885803
"ILMN_1216871"	177.972434300043	152.79765276603	160.641860892585	158.621869780789	139.851234479293	144.000615667494	161.389048804271	146.462104393352	195.829883201231	144.264900995596	183.187019499622	178.641117371011	195.061157782088	147.893363265102	151.032792126625	152.645235127419
"ILMN_1237090"	518.335689706506	516.442541723363	506.477541200611	429.700317700461	609.877809058351	502.95474709898	565.982118733903	473.334540024311	426.735378104158	559.971732937553	394.159909491468	491.605827793177	611.943059223572	487.714220565744	454.445903662889	507.273115891989
"ILMN_2642806"	260.56095655257	182.245042800604	314.549967991377	253.242312523274	278.961632185348	314.067563580256	263.796937256672	224.382424261451	305.057535619199	281.674531516822	158.302812529182	158.809207993293	252.078043193026	265.870976929483	262.901397541493	236.441210094834
"ILMN_1245356"	1064.24293692635	1194.73518117459	942.495779701235	955.757208715155	1101.50699358048	1035.55198745705	1143.94788901273	885.432872479327	936.33458055629	1004.9899587149	892.698104946664	1240.48607532448	1017.10401842818	931.777403778425	835.723268679927	1013.49558843248
"ILMN_2632940"	1540.36464209304	1373.42416223434	1649.62502872729	1349.79865928959	1897.86467588513	1443.96608098176	1454.49158800563	1612.70288645426	1419.56967481821	1735.06460087512	1135.231915271	1389.60026000153	1344.3737658904	1226.1986843348	1360.51727051642	1612.70288645426
"ILMN_2621012"	937.949351260574	885.432872479327	788.463433026239	900.439591125829	775.229424150079	816.009143386301	876.289079500583	880.61525495094	842.688415100829	835.723268679927	903.42188159395	911.361568685836	874.731522183946	863.568826251128	900.439591125829	790.274498483684
"ILMN_1238213"	292.178252353524	297.53291012773	303.614855315165	351.861132586229	298.079616282169	289.519606941518	303.232977395375	291.820104410538	293.23263943241	295.355989509007	296.584003843778	310.549644301001	288.452952321194	351.289954171193	295.800991277182	282.032442123701
"ILMN_2876448"	283.383343262907	295.031307777974	278.961632185348	374.061397185543	348.964737945131	299.720866161668	342.429928668099	322.02667824773	322.925946013011	312.034060217891	354.939555059617	272.142736569558	293.801850873345	367.691816226365	375.922547858525	255.832843563802
"ILMN_2850342"	122.885800016726	117.927701928658	125.783581268685	143.491255073536	132.01996265373	135.691044352101	127.665096841667	114.105246749778	133.030631220349	118.208425801728	97.0311002179746	158.302812529182	129.899659849871	107.040994887494	125.667541566626	120.247365978183
"ILMN_3157896"	116.6218827375	153.297641656477	134.892593789617	129.283786027956	122.062179454803	106.172537533546	127.326325656377	130.178186644455	108.001075534479	110.032012406799	128.983894373408	113.767256599835	133.685820008085	111.143396911849	104.959146500293	113.524837393963
"ILMN_2601572"	118.688891276479	137.608689525414	126.006863969811	117.037625028922	126.488314483536	154.479273461689	118.930418126851	137.608689525414	127.934246069052	112.291573187862	139.172620704951	125.190213925272	113.409582899942	129.208106721491	113.897469231105	121.95529350607
"ILMN_1229318"	1284.44242845571	1203.37216355331	1551.13778487733	1408.5479820606	1483.7263398737	1365.47249100795	1155.66578270317	1560.93677982901	1540.36464209304	1414.72176760012	1277.18644963781	1244.87606519578	1261.98996803878	1111.53271498701	1393.35261412382	1334.15753279403
"ILMN_2625094"	331.552580988504	317.197061182391	351.289954171193	360.466877504648	317.659727272199	336.424002557358	274.647269713391	376.832713969815	349.51900767888	283.843766159967	278.961632185348	322.02667824773	339.679429329215	299.025794878139	427.709323376374	267.931406168734
"ILMN_1247335"	280.741650420012	322.925946013011	294.332756499546	280.146400493415	374.061397185543	295.800991277182	311.000506243549	353.510781047677	339.181387159091	340.200929695543	289.519606941518	275.412518386559	308.321377450467	302.232594518903	265.870976929483	289.144817378513
"ILMN_2594205"	963.631036165856	1048.77311056421	844.680446119882	966.856064015338	944.069755233507	853.627757889785	1058.77964848659	957.454087950553	1017.10401842818	951.297676737736	1079.93364162949	1003.01825287194	966.856064015338	1113.75633591066	1007.10489659084	885.432872479327
"ILMN_1227926"	9679.86979993549	7710.14394710641	8673.49630935748	9617.49028807249	7056.43925386236	9617.49028807249	8394.53348158026	8673.49630935748	10770.9772625105	7611.755125839	8595.52411185406	8673.49630935748	9454.64367310926	10267.2014193161	10267.2014193161	8545.20166067849
"ILMN_1231492"	322.02667824773	333.522652675556	330.371041068229	470.663905414315	212.759264977432	327.458305540321	324.813780598671	519.438887945417	526.981800947681	266.411646273577	528.992956985554	370.017215952763	324.813780598671	510.689020804935	526.981800947681	353.510781047677
"ILMN_1253593"	356.087759773082	310.10030447721	342.429928668099	385.955426441951	330.371041068229	367.098277222458	305.640378347709	338.109642059376	359.984658948878	399.75224176215	350.661695095941	338.109642059376	352.460749213064	354.939555059617	339.181387159091	443.644121915112
"ILMN_2667384"	337.014788298584	279.457878773484	255.338881398804	237.97248606327	237.312229973484	305.057535619199	302.232594518903	259.556429279655	266.913849801925	323.945870831031	214.597367693264	286.194328681782	298.597156418358	236.702304059992	216.372017027966	296.584003843778
"ILMN_1239021"	4525.75696778421	4318.97174073948	4214.09994298401	3951.01705371914	3716.9446862486	3930.63275726847	4214.09994298401	4263.6511906442	3716.9446862486	4453.46870908201	4369.56547501024	3758.64555167416	4173.05951318988	4188.92597363646	3965.05198620695	4096.70074806309
"ILMN_1217728"	180.950794014374	195.829883201231	179.667151886705	171.043779687388	150.845248267724	167.724168946639	171.253474144122	182.101090257859	168.239908532979	180.950794014374	157.159400459038	237.312229973484	176.889527700379	179.326600523289	198.184999036817	164.625500169498
"ILMN_2867147"	225.6721898839	243.612120250928	220.619466796737	278.961632185348	226.515107906241	285.115434280599	306.634486879316	312.746343148227	334.031846979864	222.452631271243	273.879949115797	230.586894916229	256.178693464757	302.848628343949	292.178252353524	225.41653212484
"ILMN_1225730"	1040.9371089846	1096.94121483679	1120.14964345289	1253.49836479202	1302.22950963763	1066.31568794456	1135.231915271	1210.22652055668	1282.0741412926	1085.99860234089	1215.35895343788	1157.62021941744	1159.39816733432	1264.38973908429	1235.42834224468	1146.68691997431
"ILMN_3009738"	366.344723653446	360.466877504648	406.350502684524	399.75224176215	426.735378104158	354.440487599095	343.13408073068	305.057535619199	283.383343262907	392.011471931657	287.18485944085	412.799166050593	327.97037880603	311.000506243549	329.858521985567	363.795679369119
"ILMN_1236845"	191.085172063225	169.944186877935	187.987425801295	172.841991606866	177.632541344857	181.140519959859	214.107927091089	190.352165440103	195.061157782088	188.648951589036	205.959638991884	197.690341555904	200.695577684679	223.054665130865	199.405858032412	185.411878541599
"ILMN_1231371"	768.972684101793	778.669956409203	729.851403590832	780.69618828818	840.865295593909	754.05640305971	853.627757889785	767.838839423536	752.198559385844	846.917749493412	830.544545127954	761.952174533567	848.67652127177	892.698104946664	830.544545127954	827.701272126179
"ILMN_1215212"	4173.05951318988	4546.45398765351	4751.37878302292	5156.17028762343	3854.12573133868	3618.6873557917	4073.53685997972	4902.69697419002	3930.63275726847	3987.81468481283	4246.86392056815	4050.92331070613	3116.10456232667	4751.37878302292	4453.46870908201	4341.58421143691
"ILMN_2723907"	702.684750483979	683.530619878619	686.38337322922	655.822499878846	736.11958040544	700.337727675978	777.153003883988	612.92260310072	676.659005294521	699.530936062573	728.064356016783	652.886512492058	782.133722767026	746.508417022462	711.733809420746	641.612207772249
"ILMN_2847787"	371.600851240809	337.688153904945	408.100609978783	480.820848301338	300.727577379154	417.193455037449	367.098277222458	443.644121915112	421.197854159782	358.24537390248	461.818637527155	426.735378104158	407.496786726766	396.229400400947	392.011471931657	401.868750610113
"ILMN_2975856"	1338.78788020865	1246.82161662221	1387.12524637218	1383.92368512266	1037.69692792628	1253.49836479202	1171.91021919808	1518.89922906206	1308.0023327069	1146.68691997431	1272.48687726723	1203.37216355331	1108.87265294348	1314.1741167257	1240.48607532448	1171.91021919808
"ILMN_1229706"	480.820848301338	526.981800947681	512.160650288439	482.047107186225	481.309632294357	454.445903662889	461.818637527155	447.113233563599	477.975260546603	580.590102420531	541.112636991462	432.78847894473	425.768602271523	566.970475571112	546.991245478227	556.023248627938
"ILMN_2829250"	117.201037916295	112.291573187862	130.178186644455	96.6870887668054	110.15368635187	111.41484490162	118.517884688528	108.482289880756	112.778524838776	92.2486109513417	110.653919957916	101.564860471467	112.349376051708	99.5098755998457	106.544829583981	132.162681895395
"ILMN_1224117"	1387.12524637218	1540.36464209304	1471.04040062753	1331.36556034682	1287.32799571059	1397.46968781217	1411.38807171846	1357.34149352557	1432.80883382241	1560.93677982901	1537.27322008714	1277.18644963781	1447.2700511658	1612.70288645426	1427.19000521862	1475.39801894284
"ILMN_2635348"	538.261484476544	549.256950533982	632.053062097683	549.914065434061	595.065318460006	527.954141889777	526.981800947681	559.971732937553	556.023248627938	570.897239116234	538.261484476544	516.442541723363	524.290765050452	565.982118733903	526.131853667034	543.576579910542
"ILMN_3045217"	127.078465549472	120.396051249848	132.487906926055	165.335475028765	114.455521617831	125.041741787042	138.567630884841	177.293552302911	141.769940421901	130.002501681526	140.759964590299	140.264539435303	133.855613491287	151.95076959431	150.932858229333	117.496346712458
"ILMN_2989469"	174.344941021627	140.968097247069	145.756486758951	149.281879076115	163.686571395598	155.738134185051	151.032792126625	150.40862519089	144.49379094517	169.829033484612	165.056927324639	155.611028608165	132.487906926055	149.666321266162	158.466173452721	150.40862519089
"ILMN_1226666"	309.240610376989	374.983211681668	290.338434638436	278.356093741905	270.227920450813	345.082319931223	327.97037880603	280.741650420012	260.56095655257	260.56095655257	359.984658948878	338.601169726738	395.443579725694	352.947628805724	351.861132586229	315.47843291778
"ILMN_2819496"	110.090995689144	114.290725666486	95.9858690131521	98.8138507566875	94.0779123955253	104.867024670218	125.118570304517	115.209460517817	108.396103325062	89.9144877922206	159.124706496925	110.090995689144	125.190213925272	135.691044352101	116.736499696875	93.7007640312961
"ILMN_2797276"	130.321949046617	101.972737845582	97.3947084353469	108.437285469139	96.9358672577042	105.481362698473	117.927701928658	107.59839578992	107.946117122873	109.647152891523	131.319323155399	132.162681895395	126.392319829276	114.105246749778	100.763566868037	97.4187272625265
"ILMN_2630827"	203.49305904323	217.847533865438	192.762545683941	208.683242207842	225.203313337471	216.372017027966	238.570671161478	217.559994838022	245.025835793392	211.147181277394	179.809351900118	206.840093187987	194.316338469883	207.656860878918	221.850086547945	192.988158659907
"ILMN_2694758"	552.345906709907	593.19568221036	554.107133507177	552.345906709907	462.810909779276	487.714220565744	571.860235655038	522.384965559275	521.774557942233	513.043520787228	572.646540809747	553.302360286551	525.245809152553	511.250492639999	494.515919489221	542.263212048018
"ILMN_1259127"	2942.10646832765	2822.77753636204	3325.91431061194	2600.23409557469	3376.26211501275	3256.30456989992	2646.32468129236	3618.6873557917	2891.63728375419	3050.13176483283	2392.71966153165	2811.9776596819	2771.03398266341	2752.40980667495	2975.32885515079	3467.99643904355
"ILMN_2953513"	197.690341555904	191.606404578557	147.230665874669	156.78985777026	166.586690453698	208.342866072565	177.798995170347	134.531531037531	158.159665522664	182.417100840245	165.896523063788	185.411878541599	198.184999036817	183.862028995645	162.969487506706	140.380193958127
"ILMN_2699995"	383.448718359218	376.453460504179	447.998370659659	426.735378104158	346.313572744169	360.466877504648	338.601169726738	509.070989302208	379.16539741846	388.614061228496	337.688153904945	440.43044501891	302.848628343949	437.842709201222	374.061397185543	383.448718359218
"ILMN_2771326"	1210.22652055668	1092.60698554951	1347.01913925616	1269.81693081828	1218.51369283829	1304.46100502724	1162.16877003264	1103.22982861311	1055.80706765473	1055.80706765473	1269.81693081828	1414.72176760012	1066.31568794456	1143.94788901273	1162.16877003264	987.147449462484
"ILMN_2668236"	140.380193958127	142.525068585663	149.930586935989	115.400876110686	159.747609039967	141.988761043273	140.759964590299	131.319323155399	108.250359856489	137.121963218069	103.364010810761	154.033349208047	142.525068585663	110.791843296158	112.349376051708	155.849890190469
"ILMN_2788073"	186.548711948991	180.950794014374	175.824331093837	238.570671161478	165.46909401064	168.773439457325	173.677999985565	191.808650365076	211.147181277394	167.219035652847	194.316338469883	200.695577684679	191.324029083894	145.756486758951	199.772163355388	209.059996081712
"ILMN_1221789"	478.991297486871	430.178775993743	543.576579910542	524.290765050452	507.273115891989	540.551187651837	435.374994880799	526.981800947681	474.307243927206	450.27013558777	456.482057300313	574.367524262937	421.96369766679	381.8812816662	483.833631855226	495.545934756306
"ILMN_2924419"	292.87876165168	294.332756499546	333.130500432229	400.725337101223	379.16539741846	322.02667824773	248.174318803187	400.725337101223	437.842709201222	333.522652675556	342.429928668099	225.41653212484	363.224969107568	323.467955538395	436.092478905018	359.485404132659
"ILMN_2752569"	944.069755233507	942.495779701235	940.263767749402	930.050978495257	754.05640305971	900.439591125829	832.448776455897	981.6827732592	1050.61933176029	949.870661155862	1043.77779900926	704.743737743348	886.792061085139	1118.02504035849	1099.44128159546	857.424028072738
"ILMN_2766455"	689.527467464161	666.025371738837	667.896865473216	667.896865473216	598.793965636323	655.822499878846	646.539579482448	597.180013684023	593.19568221036	664.061565469697	640.584477096208	688.108999965483	704.743737743348	589.135017239566	611.061124146938	674.493014752884
"ILMN_2683831"	116.915193033786	120.662592417054	114.998615494998	115.693118886141	93.0181382496271	128.53607558171	123.255338015182	147.230665874669	143.621532596871	110.214726115943	121.755355609417	146.670445151208	137.814401761271	112.087421412042	152.79765276603	160.494081590047
"ILMN_2790573"	5326.07470070583	5453.97279517974	5537.78620538612	6144.17544330543	5835.71782658173	5262.06109033351	5078.24189735046	6254.39919830063	5978.88194650341	5868.3269622726	6168.96112854773	5212.55761340828	5537.78620538612	5978.88194650341	6430.79846286899	5586.3455021509
"ILMN_2710449"	54194.7564436773	56076.4294739958	51858.7616373709	56076.4294739958	54194.7564436773	54194.7564436773	54194.7564436773	56076.4294739958	59308.135625	56076.4294739958	56076.4294739958	51858.7616373709	56076.4294739958	54194.7564436773	54194.7564436773	54194.7564436773
"ILMN_1242456"	1522.91468471907	1778.7266891868	1546.85419362015	1696.05118475531	1165.84288190668	1522.91468471907	1662.80148195705	1686.87515233674	1607.38483386194	1585.55432526063	2151.34786012481	1739.73580308818	1686.87515233674	1931.16393843253	1599.78335789271	1537.27322008714
"ILMN_2792362"	550.78048574233	564.302702174534	546.194225752317	553.302360286551	566.970475571112	558.054096975387	563.104221948796	533.535739839132	625.872656512986	635.677748923594	589.135017239566	575.119386778773	501.14908695736	536.898960609085	534.483861044185	559.156328240973
"ILMN_1215768"	4412.29390826301	4050.92331070613	4993.88923671829	3837.17208425746	4770.36660652933	4482.89503340539	4013.84896999755	4123.31420208485	3889.6810487444	4318.97174073948	3700.34006977285	4570.33787385386	4188.92597363646	3700.34006977285	3716.9446862486	3987.81468481283
"ILMN_2655721"	574.367524262937	552.345906709907	758.163579988949	649.569806957538	867.740220099205	660.217110348304	561.0528650787	724.54911601546	770.657424548038	683.530619878619	580.590102420531	580.590102420531	758.163579988949	491.605827793177	637.214512198524	740.376179819835
"ILMN_2609568"	1855.10318395895	1991.95647916811	2049.25909277443	2079.75263125948	2055.52392588269	1866.61650637675	1895.12827621951	1991.95647916811	2034.35253285924	2229.44947944565	1947.52902427956	2119.21728307726	1982.93774799863	1955.08326156861	2067.79611240475	2093.27667796353
"ILMN_2599782"	619.866142395941	652.886512492058	649.569806957538	627.959412239884	617.02128564708	682.679660189286	585.864542696785	699.530936062573	745.088536808234	726.939714179538	731.859079675467	552.345906709907	790.274498483684	585.864542696785	696.24331748087	838.978283530391
"ILMN_2464061"	183.685943619364	158.466173452721	176.889527700379	205.19637230636	185.640584706475	166.023176123193	190.158172748545	198.184999036817	205.809370276955	170.774090012748	172.655118248481	165.693555050172	191.085172063225	207.996656351522	197.158434133973	178.483750666646
"ILMN_3163029"	356.488082990997	403.627376356719	363.795679369119	417.840490435788	412.799166050593	347.102352454971	343.517475146637	361.699809697393	405.03336140191	372.327717478979	431.274701883777	333.130500432229	357.837237110187	391.564495817494	411.135672747695	337.688153904945
"ILMN_2720034"	7233.50805734381	6792.45456938007	6836.96989481847	7855.21894203151	7938.04678752724	6618.92088548356	7134.2873070761	7495.99018843757	7772.78111123349	7233.50805734381	8329.57996083123	6012.32452029422	7233.50805734381	8329.57996083123	7495.99018843757	7100.33714846627
"ILMN_2758234"	391.564495817494	443.644121915112	401.329469307699	451.9511651294	384.462653973181	439.917448897832	396.889348392585	451.312410239045	430.178775993743	390.999265497617	408.681985225802	480.820848301338	535.583123957238	424.988792295541	456.482057300313	409.215399173679
"ILMN_1251885"	181.140519959859	172.083020906553	150.569520870363	187.229607630758	182.417100840245	206.840093187987	176.024534259284	173.211312767249	169.944186877935	174.565583602027	164.4840308332	163.896574082405	179.078079007019	171.043779687388	181.528129125179	170.335606325394
"ILMN_2828687"	306.218880238491	284.388297954252	347.102352454971	289.144817378513	298.597156418358	322.925946013011	292.541195259487	290.338434638436	285.787803887343	241.014183077406	334.57111964822	322.429805868317	292.87876165168	340.589595417184	332.399485728257	332.019978355757
"ILMN_1251534"	190.929292501064	214.597367693264	222.750448907332	233.081033578991	197.483925733484	200.008144797969	182.935706343769	216.372017027966	219.112334625771	212.977605848297	218.35991705037	194.695463161791	194.112989336504	213.378807548246	217.260753679633	182.101090257859
"ILMN_2688639"	740.376179819835	780.69618828818	692.517412196694	737.385488084088	909.488197967104	814.23820642269	655.822499878846	817.720462789958	807.944357744778	752.198559385844	814.23820642269	817.720462789958	833.908204651616	820.966642083808	676.659005294521	833.908204651616
"ILMN_2678724"	194.316338469883	139.675534809609	154.339568322638	162.455066019124	164.730527533755	145.893815714792	174.344941021627	176.889527700379	136.281499004994	168.935582428842	153.533912736861	177.293552302911	174.344941021627	170.899744598105	140.851330877256	152.242773442054
"ILMN_2781805"	419.648317736634	412.267596016175	316.123703729629	421.96369766679	393.025269879053	433.532713228101	416.545855976987	390.199295475592	341.228753161057	357.145578608382	375.922547858525	368.647411557061	383.448718359218	409.687349201073	361.061433904275	332.818739222092
"ILMN_2449449"	1035.55198745705	966.856064015338	1308.0023327069	1274.61640848613	1163.957465883	1108.87265294348	975.158444587998	1242.40227140238	1043.77779900926	1126.45601959192	928.187427928238	1159.39816733432	936.33458055629	903.42188159395	1304.46100502724	1064.24293692635
"ILMN_2672708"	412.799166050593	437.842709201222	411.135672747695	370.416605434968	353.984657015822	483.061187025741	374.983211681668	308.321377450467	327.97037880603	325.816960107688	400.725337101223	434.34768033421	389.732406591134	359.984658948878	280.741650420012	371.600851240809
"ILMN_2593104"	235.431454607578	315.045286532507	222.16390291363	276.146781442055	199.239629687151	260.56095655257	239.632616152097	295.800991277182	309.747407550305	239.31542748689	344.313755965988	282.585875849861	309.747407550305	292.178252353524	278.961632185348	236.159225744953
"ILMN_2593038"	2451.34316276235	2491.96409084133	2693.59136958246	2119.21728307726	3283.43634680464	2576.68308930613	2392.71966153165	2164.78053532982	2145.14444411681	2811.9776596819	2086.02440178453	2600.23409557469	2762.31082461874	2319.29941086122	2287.00348208224	2872.93520030136
"ILMN_1245768"	359.984658948878	413.947015320193	323.945870831031	330.94123552466	394.773899518896	364.494727724366	358.772538402066	356.488082990997	396.889348392585	397.437606201775	420.535760737231	398.341048813066	404.180892936034	456.036653239283	324.813780598671	411.135672747695
"ILMN_1243565"	384.462653973181	492.401503857077	437.423466288926	446.53133876878	414.443295127803	470.000203779845	439.251286381519	480.820848301338	465.632747287709	458.882772635372	402.285522563595	396.889348392585	445.092804374971	412.799166050593	401.868750610113	436.803877994107
"ILMN_2717374"	1620.7778759989	1554.03621451117	1657.92360724981	1551.13778487733	1557.45955604536	1297.227140711	1443.96608098176	1603.48832265505	1414.72176760012	1496.77787233054	1447.2700511658	1560.93677982901	1365.47249100795	1123.05113131706	1378.06889758268	1447.2700511658
"ILMN_1247873"	190.742907325631	170.141718337078	243.612120250928	179.078079007019	184.233072052456	223.824953024241	190.742907325631	196.319554823649	194.695463161791	182.101090257859	157.48301615556	193.478711451474	169.538005082177	186.910377774981	211.421692494549	237.670459164821
"ILMN_2673776"	119.251864303078	109.423179431763	118.873642662211	107.738931176402	97.1011080321852	125.118570304517	121.323202977162	115.151216469779	142.623446057129	115.270117687416	97.0644215105568	119.492683459936	102.135854992063	87.0860475688916	127.543432829137	128.464898274114
"ILMN_2833936"	297.018806681545	291.820104410538	376.832713969815	325.330276409995	402.285522563595	324.813780598671	289.144817378513	307.40117402004	344.313755965988	370.017215952763	241.014183077406	250.467882818197	313.812486521354	267.931406168734	330.94123552466	310.549644301001
"ILMN_2758523"	156.258046531432	153.153610602416	129.816401467278	137.608689525414	150.932858229333	137.440057885141	177.632541344857	132.378119878458	142.990762116254	149.522306272358	151.032792126625	147.813169896695	125.783581268685	142.418910794987	141.870300105686	149.817266082515
"ILMN_1231030"	563.104221948796	658.239480457663	524.290765050452	696.24331748087	604.427854477451	664.061565469697	598.104360041224	690.784478703899	743.733970738478	715.985359242266	554.916521826759	582.44783176297	652.886512492058	571.860235655038	709.832969138099	859.293858548433
"ILMN_3035378"	262.091183104265	245.706670910352	238.911297108168	202.609904576469	233.081033578991	243.28234993315	256.178693464757	223.432748542269	229.316913706979	267.931406168734	257.936831737127	262.901397541493	259.234240865109	202.835088519857	280.146400493415	225.6721898839
"ILMN_1246018"	437.423466288926	390.999265497617	404.180892936034	431.905516973952	445.757779820815	424.988792295541	354.440487599095	453.805390606912	412.267596016175	405.03336140191	396.229400400947	403.627376356719	345.41057362798	434.34768033421	380.607812573802	432.78847894473
"ILMN_2770471"	851.169842630701	809.690848397233	780.69618828818	759.909230891062	743.733970738478	901.574739773293	807.944357744778	673.349284517312	797.027391520704	740.376179819835	806.387525386522	864.838622956321	864.838622956321	700.337727675978	768.972684101793	915.530935037853
"ILMN_2731792"	625.872656512986	608.863449877628	654.225073689932	600.291581247402	739.148958372476	698.108917135304	608.863449877628	682.679660189286	605.088614125146	676.659005294521	608.863449877628	725.634911070009	598.793965636323	680.159733802861	576.348040716198	645.090623453157
"ILMN_2753649"	2238.774365216	2172.16910972465	2392.71966153165	2291.08676854828	2038.72934461556	2344.17479582778	2027.76233348486	2280.73405112398	2378.7704591323	2186.20470769923	2275.12575399114	2160.32142142443	1991.95647916811	2437.69181597397	2421.45889616819	2137.89879443808
"ILMN_2713566"	129.626676934435	122.381747018503	128.914781160597	127.442554755328	138.567630884841	125.311408182941	115.400876110686	132.824965547523	120.815252584674	152.242773442054	106.703439289465	135.937014645976	119.014603234646	125.717718545231	140.488194375122	139.284609872926
"ILMN_2936118"	9524.23049796945	9679.86979993549	8970.46204139514	10081.4903606274	10654.5493197106	9733.49202329232	10847.3300226905	9995.85037022699	9995.85037022699	10400.5498907011	11304.6275526543	8545.20166067849	9926.93805336734	10654.5493197106	10770.9772625105	9140.78981126193
"ILMN_2985836"	205.809370276955	192.988158659907	177.798995170347	184.233072052456	174.134861218255	183.367614056388	165.46909401064	170.899744598105	203.49305904323	196.985459843389	204.861716073678	179.667151886705	187.987425801295	172.841991606866	169.829033484612	202.195063767501
"ILMN_2671124"	13698.9329466581	14410.642470809	13698.9329466581	14685.9421523141	15507.4267150445	14165.7878914904	13180.1501212282	14563.465213617	14685.9421523141	15014.9966384274	14685.9421523141	12854.7035403963	14878.894864136	15145.2980636378	14563.465213617	13385.901164148
"ILMN_1212759"	442.400997818043	510.089253916125	425.768602271523	345.41057362798	387.987549505919	497.170618302724	409.687349201073	394.773899518896	422.842241409776	425.768602271523	377.971971355893	436.803877994107	390.199295475592	397.787696509851	346.313572744169	430.795514318253
"ILMN_1224754"	6144.17544330543	7001.50794867827	6198.76968771754	7558.5839520557	6650.88506750755	6749.77681554315	6836.96989481847	7659.71763370047	8545.20166067849	8063.44496885531	7772.78111123349	7233.50805734381	7179.48703719234	7285.44183967124	8394.53348158026	9679.86979993549
"ILMN_2716085"	4154.87764876617	4341.58421143691	4803.48097202452	4318.97174073948	4570.33787385386	4294.68948196643	4318.97174073948	4389.15286275448	4173.05951318988	4050.92331070613	4188.92597363646	4469.64402141686	4546.45398765351	4369.56547501024	4469.64402141686	3908.65425904043
"ILMN_1230019"	985.119754323918	892.698104946664	1131.32489707104	991.965816184662	1194.73518117459	1178.76148591676	965.318369478886	1212.83092439921	1297.227140711	1181.27663781744	948.283943465466	1094.91846611987	1143.94788901273	846.917749493412	1084.00972064786	1317.51629697322
"ILMN_2592519"	259.556429279655	258.401135964117	200.20196354973	238.911297108168	351.861132586229	264.303102291908	203.920570797076	236.702304059992	239.31542748689	279.457878773484	241.303055012488	287.18485944085	299.720866161668	286.607148354105	221.51153909814	299.720866161668
"ILMN_2454788"	652.886512492058	584.864737647089	666.025371738837	513.043520787228	951.297676737736	561.0528650787	607.070926683206	477.975260546603	538.261484476544	669.949575492081	515.060966875333	548.166609871487	643.740882867029	508.17621537862	559.971732937553	624.497522261987
"ILMN_3085126"	324.422331001762	347.102352454971	367.098277222458	295.031307777974	397.787696509851	338.109642059376	308.321377450467	312.034060217891	299.403220259156	351.289954171193	297.53291012773	332.399485728257	376.832713969815	293.801850873345	296.124702961266	384.006579502194
"ILMN_2593196"	382.556111882715	380.607812573802	493.643936051451	523.442104742881	513.043520787228	382.556111882715	374.061397185543	569.066307847678	565.982118733903	451.312410239045	562.073866839104	418.577617997242	437.842709201222	414.443295127803	557.177054198778	436.092478905018
"ILMN_2848354"	140.701257834202	144.915602796684	146.819124037472	128.780018750781	139.094526344617	144.264900995596	115.209460517817	122.546496419683	139.459686038669	136.723677064125	143.491255073536	165.335475028765	120.396051249848	120.662592417054	111.97459784113	137.536897260834
"ILMN_1247277"	137.253697568404	129.523676240192	148.988471968704	124.655569964555	140.380193958127	148.988471968704	109.17599710232	122.220802980998	135.999849205958	143.159105203829	113.114428302488	149.192291500612	151.132636934301	146.547396114045	144.264900995596	115.77355981723
"ILMN_2735981"	3352.90427036423	3640.26634162095	3164.98266073852	3436.7741914167	3268.03990308467	3487.51731601584	3837.17208425746	4031.89920694254	3739.24087709924	3546.21196936439	3504.5330819061	3574.89155234138	3455.7090443973	3640.26634162095	3436.7741914167	3487.51731601584
"ILMN_2681742"	158.159665522664	167.520728821314	167.724168946639	177.442573986706	152.877946435042	153.009240305399	143.621532596871	171.668842120446	138.853476887168	146.547396114045	211.926970827123	175.824331093837	158.159665522664	222.16390291363	150.40862519089	147.118995505131
"ILMN_3071312"	124.965194700077	150.70876745718	112.563090464745	120.815252584674	120.247365978183	146.462104393352	130.321949046617	130.72076036152	129.816401467278	108.331671574953	141.058237785249	130.084944153987	120.720587628632	133.502300205809	109.106825834785	119.860989284751
"ILMN_2697552"	122.220802980998	123.571761485018	122.732407245354	139.675534809609	103.175519248052	122.220802980998	144.386247461882	169.227671871408	126.797088214796	118.059204758159	153.297641656477	115.932639559749	115.841142949281	164.4840308332	147.893363265102	137.903538895878
"ILMN_1216732"	8545.20166067849	8184.60971115004	8394.53348158026	8802.47765141527	7495.99018843757	8394.53348158026	7558.5839520557	9679.86979993549	9926.93805336734	8970.46204139514	7855.21894203151	9926.93805336734	7855.21894203151	7938.04678752724	9277.35401630601	8802.47765141527
"ILMN_2836710"	9405.66360399873	8673.49630935748	8802.47765141527	10911.0019746959	9405.66360399873	9828.75747932773	8802.47765141527	9926.93805336734	10532.4161285351	9926.93805336734	10168.3621271348	8970.46204139514	10400.5498907011	9140.78981126193	9733.49202329232	9828.75747932773
"ILMN_2629648"	493.643936051451	371.600851240809	478.991297486871	541.112636991462	572.646540809747	500.179062611126	437.842709201222	462.810909779276	483.061187025741	455.446747893589	435.374994880799	544.620947145683	447.113233563599	392.011471931657	545.354264519104	467.495624282937
"ILMN_1237299"	142.623446057129	159.282287272072	138.927551508505	134.027623430229	136.650787376488	130.995131053627	117.279188350543	145.471670193354	144.000615667494	132.094335725102	121.874657307161	128.914781160597	153.533912736861	122.220802980998	143.621532596871	125.783581268685
"ILMN_2590185"	3388.0692882018	3164.98266073852	2743.38590771225	3546.21196936439	3050.13176483283	3311.50515454717	3688.5917506401	3562.16278131012	3086.39550634377	2925.33320913453	3688.5917506401	2942.10646832765	3837.17208425746	3415.53111350211	3155.39645327762	2799.73674532284
"ILMN_2840327"	182.245042800604	212.5573246087	185.132821029596	192.452770944407	193.25526707209	216.722956740665	192.762545683941	201.966006056777	218.140229382166	192.762545683941	228.082370183228	205.389544891295	177.632541344857	231.47497270587	162.620367348083	212.977605848297
"ILMN_2672208"	745.088536808234	737.385488084088	612.92260310072	545.354264519104	670.909867084341	663.143971303895	737.385488084088	536.898960609085	608.007235546122	654.225073689932	699.530936062573	565.982118733903	768.972684101793	676.659005294521	605.839889627519	761.952174533567
"ILMN_2801601"	127.934246069052	110.032012406799	122.885800016726	126.006863969811	126.343589580265	114.531252257369	124.031900927792	115.400876110686	124.655569964555	137.745312203947	101.013292609285	121.755355609417	129.096684277202	145.036169181516	128.39049452204	130.942964202919
"ILMN_3059326"	2398.60463054789	2310.57735083207	1902.23446186221	2304.48073110627	1913.2253298768	2101.30165116618	2517.44601991079	2151.34786012481	2600.23409557469	2681.97273643731	1982.93774799863	2164.78053532982	2491.96409084133	2034.35253285924	2658.21229187029	3125.45292650575
"ILMN_2963792"	1435.63473335416	1691.35971236666	1443.96608098176	1347.01913925616	1411.38807171846	1557.45955604536	1630.24961059358	1432.80883382241	1353.31602173232	1404.59972375186	1691.35971236666	1353.31602173232	1617.11962946916	1597.08343778832	1557.45955604536	1504.72332841379
"ILMN_2682493"	152.377515527579	128.632746974787	116.915193033786	138.373904367935	137.608689525414	137.121963218069	167.053334608905	148.723950888769	148.723950888769	133.261137432004	132.01996265373	177.051481898286	134.343680181787	132.708238268148	160.494081590047	119.931884021552
"ILMN_1224256"	232.486160686618	219.112334625771	250.854119994181	246.2046670309	255.338881398804	272.142736569558	211.706984207265	234.186150748252	276.698861075428	249.30554364699	263.258872356893	267.931406168734	229.149611345125	218.657386557828	231.010064292501	283.843766159967
"ILMN_1225324"	930.050978495257	945.786865955696	898.330864784587	989.358094277124	940.263767749402	983.216043520419	1055.80706765473	898.330864784587	869.526359668806	937.949351260574	1137.19881826386	917.216913961538	1024.37830234117	977.406945996395	1004.9899587149	788.463433026239
"ILMN_1247930"	874.731522183946	861.251524780702	959.787837486602	892.698104946664	889.228699621708	889.228699621708	768.972684101793	829.634450595627	848.67652127177	758.163579988949	905.843190269498	867.740220099205	661.963039808303	837.168170812938	767.838839423536	749.404831600933
"ILMN_2650557"	233.755943685035	276.698861075428	237.312229973484	183.367614056388	225.6721898839	235.431454607578	246.2046670309	171.253474144122	240.372981986077	231.85142385934	281.208315118697	258.401135964117	218.140229382166	241.663340972388	229.316913706979	238.319797973761
"ILMN_1228253"	393.025269879053	410.700348251494	407.496786726766	396.889348392585	400.725337101223	400.183256812542	401.868750610113	404.180892936034	335.721432484006	354.939555059617	370.017215952763	423.720770331442	368.647411557061	373.458488225664	357.837237110187	388.614061228496
"ILMN_2625047"	160.787823461447	192.762545683941	128.632746974787	183.862028995645	177.051481898286	156.401041745608	200.560484893706	159.008867025766	155.611028608165	153.533912736861	254.669788458206	153.426151855314	196.985459843389	219.601486407792	170.899744598105	172.4562283267
"ILMN_2596346"	9995.85037022699	9995.85037022699	10911.0019746959	11489.9714111655	9524.23049796945	10532.4161285351	10081.4903606274	10847.3300226905	12254.9238344302	9995.85037022699	9206.73108746769	10168.3621271348	9206.73108746769	11043.7891212384	11158.6869048755	12047.6910728434
"ILMN_2870443"	595.065318460006	640.584477096208	605.839889627519	652.886512492058	684.766543768476	683.530619878619	652.886512492058	622.393440816523	683.530619878619	700.337727675978	704.743737743348	736.11958040544	733.36673288219	587.185157087851	607.070926683206	711.733809420746
"ILMN_2594149"	21184.8670434775	21616.7850937828	19985.2531051584	20640.2705254456	21184.8670434775	20295.3899175906	23245.8513068425	21184.8670434775	18438.1212916794	19064.1358842617	22528.2378565667	19985.2531051584	21616.7850937828	22528.2378565667	21616.7850937828	19348.7365780809
"ILMN_1219155"	190.555221569346	182.935706343769	162.099417814785	180.377314920561	136.142331643115	150.932858229333	163.276772261175	155.051586413684	174.565583602027	138.00464100145	171.441353435523	200.944654669667	206.420579823501	167.363119225178	174.134861218255	159.562306296357
"ILMN_2694998"	1607.38483386194	1454.49158800563	1773.72180874851	1597.08343778832	1923.38882544072	1504.72332841379	1634.7422424773	1414.72176760012	1378.06889758268	1662.80148195705	1463.28499561063	1447.2700511658	1546.85419362015	1514.18616050431	1454.49158800563	1471.04040062753
"ILMN_2887619"	6564.85043603305	8264.61815174206	7056.43925386236	7056.43925386236	8802.47765141527	8673.49630935748	7495.99018843757	8184.60971115004	7056.43925386236	6084.12145160063	5631.3418704369	8063.44496885531	8184.60971115004	7134.2873070761	7938.04678752724	6106.76664617427
"ILMN_3109989"	1828.33996102725	1839.04848246197	1866.61650637675	1955.08326156861	1707.9838876821	1828.33996102725	2086.02440178453	1800.81567094327	1977.87423598059	1823.64722804165	2344.17479582778	1815.2484142904	1923.38882544072	2408.79642663082	2049.25909277443	1607.38483386194
"ILMN_2669487"	1796.1390301564	1680.43549590423	1235.42834224468	1099.44128159546	1490.34422459475	1790.14980338124	1955.08326156861	1013.49558843248	1365.47249100795	1310.59039983061	1931.16393843253	1630.24961059358	1590.9659849439	1855.10318395895	1200.704105719	1290.63799421328
"ILMN_3100456"	340.589595417184	334.031846979864	334.031846979864	314.549967991377	304.632075903786	311.000506243549	321.549779122604	287.18485944085	333.130500432229	329.32143602277	333.130500432229	311.000506243549	270.724541141638	303.614855315165	341.228753161057	306.634486879316
"ILMN_2901626"	468.993683910487	544.620947145683	507.273115891989	706.284441624734	430.795514318253	581.436617213956	614.241136785525	641.612207772249	715.985359242266	457.295212628422	670.909867084341	634.584712767186	637.214512198524	713.73301720996	755.256925520906	524.290765050452
"ILMN_1213736"	739.148958372476	604.427854477451	572.646540809747	612.92260310072	444.292517311211	622.393440816523	643.067468807593	639.375841178388	674.493014752884	675.780750465078	643.067468807593	669.949575492081	673.349284517312	656.941196974626	679.065608598716	660.217110348304
"ILMN_2614728"	6944.6714935566	7340.67920167756	6914.37681810861	5835.71782658173	5939.43994677619	6390.45053168277	7001.50794867827	7134.2873070761	6836.96989481847	5631.3418704369	5799.22040107249	7100.33714846627	6012.32452029422	5835.71782658173	6390.45053168277	7495.99018843757
"ILMN_2957580"	128.780018750781	118.208425801728	111.666750390826	147.813169896695	145.893815714792	126.166155027364	130.580021460051	126.006863969811	106.703439289465	118.517884688528	115.626688573719	133.604508843106	112.631665305785	126.945301527387	111.184254171514	111.847660209278
"ILMN_2852380"	683.530619878619	626.85468582522	655.822499878846	565.227305694532	722.012194084451	619.866142395941	572.646540809747	638.368124445089	501.14908695736	722.012194084451	514.087578357526	694.598224841115	582.44783176297	516.442541723363	576.867786688268	692.517412196694
"ILMN_2753219"	6650.88506750755	5672.27291212232	7179.48703719234	8595.52411185406	7855.21894203151	6168.96112854773	6198.76968771754	6944.6714935566	7998.15170215829	6749.77681554315	6749.77681554315	6749.77681554315	6618.92088548356	7056.43925386236	7855.21894203151	6880.61273446506
"ILMN_2869075"	108.748902203639	123.425476019088	128.780018750781	125.879797146185	141.362619424953	129.523676240192	129.899659849871	127.252480303086	117.496346712458	124.367303075994	126.564675170455	132.239810730961	119.315660544283	123.425476019088	129.816401467278	119.492683459936
"ILMN_1216143"	4902.69697419002	5262.06109033351	5586.3455021509	5284.95407106829	5418.49892093275	5025.1209460744	4867.87863738599	5103.71226133834	4803.48097202452	4993.88923671829	4570.33787385386	4770.36660652933	4453.46870908201	4482.89503340539	4751.37878302292	5326.07470070583
"ILMN_2615628"	514.087578357526	557.177054198778	840.865295593909	740.376179819835	638.368124445089	715.103216399852	584.864737647089	786.184669667624	611.943059223572	544.620947145683	522.384965559275	587.877611573249	521.774557942233	630.895572417216	650.577347567717	708.313622126419
"ILMN_2711442"	467.495624282937	433.532713228101	489.816058659362	401.329469307699	558.054096975387	383.099109544962	524.290765050452	394.159909491468	317.659727272199	535.583123957238	411.135672747695	400.725337101223	499.213894066959	390.199295475592	457.923431318896	410.140512069712
"ILMN_3092653"	1902.23446186221	1834.21792675992	1554.03621451117	2975.32885515079	1419.56967481821	1691.35971236666	1855.10318395895	2546.57914612061	2762.31082461874	1607.38483386194	2860.32191816475	1790.14980338124	2093.27667796353	2527.95470304913	3134.76994148787	1435.63473335416
"ILMN_2757489"	4369.56547501024	4389.15286275448	4318.97174073948	4612.04555847863	4412.29390826301	4867.87863738599	4525.75696778421	4453.46870908201	4867.87863738599	3965.05198620695	4993.88923671829	4590.41768495666	4664.69540071689	5025.1209460744	4294.68948196643	4013.84896999755
"ILMN_3075157"	176.348336514443	197.903607631961	194.841681937224	191.324029083894	172.083020906553	175.614197850302	162.969487506706	200.695577684679	204.365122932385	193.478711451474	222.750448907332	222.750448907332	149.426844998698	216.950664300669	219.934861123253	177.051481898286
"ILMN_2640944"	18858.0401512516	18858.0401512516	17202.724821694	18213.1150963659	15913.3164816302	19676.1317878522	18858.0401512516	18666.4948650346	18666.4948650346	17684.2165878996	18213.1150963659	18858.0401512516	17202.724821694	20640.2705254456	18666.4948650346	16988.5029786966
"ILMN_3071104"	773.526508127507	869.526359668806	951.297676737736	765.139993594213	849.949538303924	797.027391520704	903.42188159395	701.56320972079	777.153003883988	898.330864784587	780.69618828818	928.187427928238	857.424028072738	812.312376136634	692.517412196694	892.698104946664
"ILMN_2628066"	527.954141889777	453.805390606912	439.917448897832	458.882772635372	620.974265311201	508.17621537862	550.78048574233	463.979275617192	501.962334052812	514.087578357526	496.170762440218	524.290765050452	498.184720185385	461.818637527155	443.644121915112	492.988189918442
"ILMN_3134607"	367.098277222458	398.341048813066	409.687349201073	346.723865234245	522.384965559275	422.842241409776	378.483709096339	374.983211681668	361.061433904275	396.229400400947	374.061397185543	383.099109544962	421.197854159782	363.224969107568	345.749044024304	442.400997818043
"ILMN_2925196"	597.180013684023	563.673327915243	618.851497893777	531.36811415763	608.007235546122	584.864737647089	540.551187651837	551.573187220018	507.273115891989	597.180013684023	465.632747287709	608.007235546122	559.971732937553	507.273115891989	505.312650197434	612.92260310072
"ILMN_2429800"	8128.53235536056	7938.04678752724	8469.81081114556	8184.60971115004	7772.78111123349	7938.04678752724	8184.60971115004	7710.14394710641	8329.57996083123	9405.66360399873	8184.60971115004	8394.53348158026	8802.47765141527	7710.14394710641	7998.15170215829	8897.52066620408
"ILMN_2900016"	125.949880179087	126.247718441168	101.525760269039	103.175519248052	112.948371489637	112.827994082407	96.9599031261203	103.527300541447	105.750317021415	127.442554755328	121.453413035623	116.688517872096	114.608914629939	108.58429293765	112.631665305785	107.946117122873
"ILMN_1245874"	1159.39816733432	1447.2700511658	886.792061085139	726.939714179538	1159.39816733432	1373.42416223434	1463.28499561063	750.941650210717	833.908204651616	1037.69692792628	1176.10730392369	840.865295593909	1328.17570829819	1081.96878791684	759.909230891062	1058.77964848659
"ILMN_1215004"	9277.35401630601	7611.755125839	7659.71763370047	6944.6714935566	6705.45195336854	8329.57996083123	7772.78111123349	7285.44183967124	7855.21894203151	8264.61815174206	8128.53235536056	8739.60923264735	7461.27836956797	8128.53235536056	6914.37681810861	7998.15170215829
"ILMN_2711892"	512.160650288439	457.923431318896	591.691498327043	521.774557942233	434.34768033421	486.357484360958	445.757779820815	554.916521826759	524.290765050452	524.290765050452	471.515136000795	454.445903662889	351.289954171193	493.643936051451	528.992956985554	410.700348251494
"ILMN_2987564"	10400.5498907011	10168.3621271348	10267.2014193161	9454.64367310926	9828.75747932773	9140.78981126193	9679.86979993549	10911.0019746959	9348.13607737527	11304.6275526543	9617.49028807249	10400.5498907011	9679.86979993549	9733.49202329232	9454.64367310926	10532.4161285351
"ILMN_2603383"	167.520728821314	162.455066019124	152.377515527579	159.282287272072	113.662215148934	171.668842120446	150.311196539794	157.770027569202	177.798995170347	152.79765276603	184.920775954399	153.666086221095	173.211312767249	167.520728821314	185.132821029596	136.723677064125
"ILMN_2616151"	160.884975410803	172.4562283267	201.311003119315	160.494081590047	188.202678368308	169.538005082177	223.432748542269	163.276772261175	125.623699139776	172.4562283267	176.466848772286	176.191927606831	151.227679920633	119.014603234646	153.666086221095	142.862661358293
"ILMN_2657822"	128.53607558171	146.819124037472	142.137066301448	130.580021460051	132.889720563149	139.172620704951	126.006863969811	140.701257834202	130.178186644455	138.567630884841	108.994400660795	125.623699139776	111.767950278869	112.877093613674	98.1834847249194	150.845248267724
"ILMN_2456617"	855.011038187025	853.627757889785	851.169842630701	770.657424548038	835.723268679927	752.198559385844	829.634450595627	773.526508127507	700.337727675978	844.680446119882	851.169842630701	857.424028072738	844.680446119882	872.608817597131	842.688415100829	773.526508127507
"ILMN_2718600"	643.740882867029	611.061124146938	589.135017239566	542.263212048018	605.839889627519	645.090623453157	611.943059223572	576.348040716198	573.743451712404	582.44783176297	674.493014752884	669.233042639549	580.590102420531	618.851497893777	514.087578357526	632.053062097683
"ILMN_1251170"	180.202211021147	184.920775954399	169.944186877935	169.829033484612	156.121358462116	176.466848772286	157.159400459038	140.380193958127	176.889527700379	182.935706343769	194.502804031943	163.155990520308	210.261736487477	177.632541344857	179.809351900118	206.420579823501
"ILMN_1246720"	170.335606325394	148.431207286769	153.297641656477	162.969487506706	235.186465907689	199.405858032412	167.363119225178	184.494667474974	151.58614797513	191.606404578557	133.106948881412	144.264900995596	168.239908532979	104.106989725942	150.311196539794	180.202211021147
"ILMN_1234419"	886.792061085139	740.376179819835	876.289079500583	773.526508127507	844.680446119882	759.909230891062	759.909230891062	848.67652127177	717.755525713106	626.85468582522	675.780750465078	844.680446119882	692.517412196694	651.622058472051	688.108999965483	1030.58735466002
"ILMN_2629112"	1221.36341447262	1347.01913925616	1463.28499561063	1035.55198745705	1162.16877003264	1205.64142442652	1118.02504035849	951.297676737736	1261.98996803878	1269.81693081828	1483.7263398737	1338.78788020865	1212.83092439921	1373.42416223434	1173.83264123808	1441.86322463571
"ILMN_2667257"	106.216280948721	114.998615494998	120.351071254099	117.785934359183	139.172620704951	122.885800016726	119.251864303078	111.382485537916	119.492683459936	105.790916015962	142.990762116254	127.862275571244	157.159400459038	116.736499696875	117.350246625142	117.422305967968
"ILMN_2823733"	226.515107906241	220.429638133556	359.984658948878	384.462653973181	337.014788298584	278.961632185348	265.870976929483	346.313572744169	280.741650420012	348.167468033613	256.555907014504	277.817298298804	218.657386557828	273.422666182531	412.799166050593	299.403220259156
"ILMN_2885016"	241.303055012488	238.911297108168	249.30554364699	243.28234993315	247.797084765384	269.436074241268	233.755943685035	221.259530668973	230.586894916229	320.703270192076	224.075622338378	204.365122932385	234.186150748252	197.309912295578	228.620297648506	248.872173012299
"ILMN_2669416"	2319.29941086122	1997.85516817262	1058.77964848659	1557.45955604536	1331.36556034682	2186.20470769923	1657.92360724981	1739.73580308818	1599.78335789271	1048.77311056421	2461.53976847931	2186.20470769923	2398.60463054789	2586.70786598575	1118.02504035849	1210.22652055668
"ILMN_2873174"	377.971971355893	381.8812816662	386.46713541147	391.564495817494	367.691816226365	344.313755965988	430.795514318253	374.061397185543	342.429928668099	372.850028276935	437.842709201222	377.453053178784	434.34768033421	388.614061228496	432.78847894473	394.773899518896
"ILMN_2699367"	149.281879076115	140.851330877256	144.788626383627	145.987710002402	175.824331093837	173.211312767249	148.723950888769	165.693555050172	181.140519959859	148.264868918934	159.884765712734	166.586690453698	172.4562283267	137.253697568404	145.987710002402	147.708203846691
"ILMN_2588737"	876.289079500583	804.903850840268	829.634450595627	842.688415100829	1003.01825287194	921.921381946368	880.61525495094	876.289079500583	915.530935037853	896.251871192917	743.733970738478	823.005906589404	975.158444587998	615.564883538292	780.69618828818	1055.80706765473
"ILMN_2639375"	415.135445052864	417.193455037449	415.135445052864	519.438887945417	439.917448897832	451.9511651294	424.367987567879	465.632747287709	468.296640245382	439.917448897832	457.295212628422	475.216984487059	438.525030888638	412.267596016175	569.066307847678	468.296640245382
"ILMN_2460043"	220.18694689149	190.555221569346	178.35765305637	215.980660033801	180.7502917237	200.944654669667	195.292833155716	190.929292501064	210.452183639325	200.560484893706	257.622355177836	182.726738639224	236.441210094834	217.260753679633	201.311003119315	246.2046670309
"ILMN_2992403"	742.20864008557	758.163579988949	755.256925520906	832.448776455897	783.777326733137	772.22662727611	756.615943878791	756.615943878791	766.160182022922	837.168170812938	809.690848397233	703.966429129598	787.684954155317	749.404831600933	825.656385272242	728.064356016783
"ILMN_2664548"	3436.7741914167	3504.5330819061	3352.90427036423	2860.32191816475	3426.01758688045	3661.47490301779	3574.89155234138	3268.03990308467	3467.99643904355	3283.43634680464	3146.97959344395	3134.76994148787	3778.76274639228	3404.35086576684	3574.89155234138	3376.26211501275
"ILMN_2689986"	1947.52902427956	2079.75263125948	2137.89879443808	1514.18616050431	1871.8803762503	2105.47666289661	1972.63304728739	1696.05118475531	1546.85419362015	2055.52392588269	1450.75466185122	2086.02440178453	2130.4721185222	1490.34422459475	1441.86322463571	2105.47666289661
"ILMN_2704177"	554.916521826759	708.313622126419	523.442104742881	401.868750610113	571.860235655038	526.131853667034	605.839889627519	524.290765050452	480.040798565325	538.261484476544	510.689020804935	546.194225752317	519.438887945417	477.975260546603	406.350502684524	584.864737647089
"ILMN_1253650"	148.150321609599	165.056927324639	130.580021460051	133.604508843106	130.002501681526	159.008867025766	147.560538045522	138.567630884841	130.264048613133	134.027623430229	177.798995170347	156.525952131004	149.817266082515	183.526426009998	103.050552871349	141.160168652535
"ILMN_2822141"	5537.78620538612	5352.70573543921	6012.32452029422	6049.79317968774	5352.70573543921	5978.88194650341	5103.71226133834	6084.12145160063	5418.49892093275	5386.70873597429	4693.71813860176	5835.71782658173	5352.70573543921	4546.45398765351	4832.92315355383	5352.70573543921
"ILMN_3067404"	229.316913706979	254.180467124119	214.597367693264	240.372981986077	256.555907014504	238.911297108168	241.663340972388	231.85142385934	230.272966465125	235.186465907689	244.457439523694	212.759264977432	250.071917436844	283.843766159967	220.619466796737	241.663340972388
"ILMN_2684732"	838.978283530391	842.688415100829	975.158444587998	853.627757889785	740.376179819835	807.944357744778	788.463433026239	842.688415100829	827.701272126179	745.088536808234	951.297676737736	851.169842630701	710.618477832433	827.701272126179	801.719963930289	710.618477832433
"ILMN_2933151"	126.006863969811	153.533912736861	139.763944968546	121.323202977162	118.930418126851	121.052686709574	135.691044352101	120.351071254099	116.518024837448	138.658707954989	112.563090464745	120.247365978183	130.002501681526	135.855611844778	117.85685728919	113.36488227286
"ILMN_2874422"	295.355989509007	224.595874476887	272.36993454556	250.854119994181	322.925946013011	242.592555377262	240.652854907352	264.303102291908	215.980660033801	300.282499911533	224.382424261451	244.739932600965	237.312229973484	265.163589820989	229.66749650735	228.082370183228
"ILMN_1216405"	187.734282892149	205.65617992419	310.10030447721	247.518299233308	227.173440740117	199.772163355388	204.558807895178	242.060728579353	252.078043193026	241.663340972388	202.992455933515	202.835088519857	190.555221569346	220.888051216361	217.559994838022	177.972434300043
"ILMN_2596007"	2693.59136958246	2762.31082461874	2214.70921075527	2055.52392588269	2330.0524756461	2421.45889616819	2834.08857977463	2061.59677423887	2392.71966153165	2378.7704591323	2704.16269041435	2672.98199990312	2429.83060787115	2658.21229187029	2101.30165116618	2586.70786598575
"ILMN_1232084"	7001.50794867827	6390.45053168277	7710.14394710641	7100.33714846627	6390.45053168277	6324.44904835539	6012.32452029422	6914.37681810861	6516.99762564497	7179.48703719234	6430.79846286899	6564.85043603305	5939.43994677619	6144.17544330543	6792.45456938007	6944.6714935566
"ILMN_2752618"	1324.27507084893	1438.60363446001	1099.44128159546	979.841017680292	1226.1986843348	1159.39816733432	1360.51727051642	851.169842630701	1009.39070946152	1123.05113131706	1240.48607532448	1146.68691997431	1272.48687726723	1186.67467793132	926.065792595096	1017.10401842818
"ILMN_1218612"	2245.06668320756	2017.36008014581	1907.86560985994	1762.82909248149	1828.33996102725	2049.25909277443	2010.66763491471	1866.61650637675	1931.16393843253	1917.0864457102	1852.27341982236	2197.03455012389	2105.47666289661	1815.2484142904	1735.06460087512	1871.8803762503
"ILMN_2944150"	1085.99860234089	1198.15505563585	1123.05113131706	1143.94788901273	1033.83867428285	1037.69692792628	1310.59039983061	1162.16877003264	1192.6450982023	1249.64648149813	1471.04040062753	1120.14964345289	1094.91846611987	1287.32799571059	1223.82534177586	1085.99860234089
"ILMN_2775547"	218.35991705037	207.996656351522	155.738134185051	211.147181277394	176.348336514443	196.144742050668	172.297189861099	194.841681937224	233.350524225256	175.3678449238	206.420579823501	216.559057426533	207.420845962133	220.18694689149	196.985459843389	207.996656351522
"ILMN_3162005"	5078.24189735046	4993.88923671829	5672.27291212232	4930.26837586326	5537.78620538612	5326.07470070583	4693.71813860176	4412.29390826301	4341.58421143691	5716.71744750273	5103.71226133834	4930.26837586326	5046.56186947506	4664.69540071689	4501.40365238177	5752.87730525388
"ILMN_2601515"	228.082370183228	309.240610376989	225.203313337471	217.260753679633	240.652854907352	212.164663373225	261.571684365823	198.703645757232	197.158434133973	207.117169453734	251.211023176792	289.144817378513	243.612120250928	289.519606941518	283.383343262907	248.174318803187
"ILMN_2798138"	123.97609709052	161.543076782834	136.581221384021	126.991290687534	120.130505793267	115.626688573719	127.252480303086	130.264048613133	148.150321609599	132.824965547523	125.717718545231	140.968097247069	125.118570304517	131.14687566637	126.644597860714	107.178175463277
"ILMN_2597710"	905.843190269498	864.838622956321	894.62979512615	777.153003883988	825.656385272242	892.698104946664	963.631036165856	703.966429129598	786.184669667624	848.67652127177	765.139993594213	1043.77779900926	817.720462789958	775.229424150079	763.18707181063	920.040705069147
"ILMN_2949886"	190.158172748545	180.597636646327	193.25526707209	183.187019499622	198.983373983367	181.916951673111	168.085519866078	199.405858032412	191.606404578557	168.773439457325	150.932858229333	187.987425801295	203.920570797076	175.058170578633	178.483750666646	226.867581724119
"ILMN_2746738"	1603.48832265505	1707.9838876821	1828.33996102725	1815.2484142904	1866.61650637675	1768.28527676358	1495.09396875	1847.87875001529	1800.81567094327	1902.23446186221	1493.45837635556	1729.47933103611	1490.34422459475	1483.7263398737	1749.53107133814	1877.23951755856
"ILMN_2766580"	476.276842209601	524.290765050452	480.040798565325	471.515136000795	549.914065434061	485.196714786404	521.774557942233	452.997415125838	469.607694455222	454.445903662889	513.043520787228	482.047107186225	453.805390606912	503.964062980972	492.988189918442	383.099109544962
"ILMN_2760415"	364.494727724366	348.964737945131	381.197559869559	381.197559869559	514.087578357526	392.513676239165	376.453460504179	300.727577379154	317.197061182391	345.082319931223	296.124702961266	437.842709201222	356.087759773082	330.94123552466	332.019978355757	360.466877504648
"ILMN_2845214"	1723.24768932907	1714.01009451154	1634.7422424773	1522.91468471907	1657.92360724981	1419.56967481821	1585.55432526063	1590.9659849439	1389.60026000153	1612.70288645426	1430.20489970891	1577.29216235243	1475.39801894284	1369.77955928729	1256.43775317438	1357.34149352557
"ILMN_2735422"	3364.42812258394	3889.6810487444	3364.42812258394	4664.69540071689	3661.47490301779	2847.16344187658	3504.5330819061	5262.06109033351	6564.85043603305	3930.63275726847	4428.8466759451	3103.39426273525	3426.01758688045	4770.36660652933	4525.75696778421	3103.39426273525
"ILMN_1252464"	115.88140471925	113.214796900393	129.283786027956	129.816401467278	127.862275571244	139.560497887233	109.423179431763	108.001075534479	127.862275571244	140.759964590299	115.09268690691	128.39049452204	133.502300205809	110.434030478983	117.422305967968	113.718504029179
"ILMN_3143483"	257.622355177836	184.073206824323	207.813265436212	228.359221520234	202.609904576469	244.067842882559	183.367614056388	247.098545960846	275.412518386559	251.591975143138	233.081033578991	270.227920450813	304.215544006124	189.5488357764	272.36993454556	242.060728579353
"ILMN_2761008"	1282.0741412926	1334.15753279403	1441.86322463571	1404.59972375186	1121.33676771346	1242.40227140238	1194.73518117459	1443.96608098176	1508.82533425321	1334.15753279403	1540.36464209304	1314.1741167257	1208.33054158543	1416.82139196632	1310.59039983061	1483.7263398737
"ILMN_2893999"	1101.50699358048	1181.27663781744	1139.57830887997	1378.06889758268	1069.91384906283	1040.9371089846	1237.6924923453	1317.51629697322	1277.18644963781	1139.57830887997	1235.42834224468	1115.87720946983	1111.53271498701	1223.82534177586	1341.2867911226	1139.57830887997
"ILMN_2698004"	242.592555377262	283.843766159967	212.164663373225	220.18694689149	193.720964892796	377.453053178784	231.85142385934	202.992455933515	236.159225744953	211.706984207265	286.194328681782	409.687349201073	311.51455164331	262.513951432499	215.600285302348	310.10030447721
"ILMN_2882189"	125.667541566626	111.911395791853	126.945301527387	137.536897260834	121.323202977162	120.590391420999	108.250359856489	125.949880179087	120.053851163098	129.367110643782	111.143396911849	123.571761485018	119.793051112276	130.178186644455	118.303555577848	114.823986904047
"ILMN_2653619"	4693.71813860176	4263.6511906442	4389.15286275448	4770.36660652933	3951.01705371914	4612.04555847863	3889.6810487444	5284.95407106829	4734.6769909536	4214.09994298401	4318.97174073948	4525.75696778421	4469.64402141686	4428.8466759451	4867.87863738599	4428.8466759451
"ILMN_2708211"	564.302702174534	585.864542696785	436.803877994107	489.816058659362	441.325556044189	459.84932568973	519.438887945417	571.860235655038	648.008102161542	531.36811415763	565.227305694532	602.898663399218	520.441541063997	703.966429129598	620.974265311201	463.979275617192
"ILMN_2859678"	225.41653212484	241.663340972388	205.389544891295	229.316913706979	218.35991705037	259.234240865109	267.931406168734	241.014183077406	207.420845962133	198.184999036817	231.010064292501	242.060728579353	255.338881398804	255.832843563802	223.824953024241	208.683242207842
"ILMN_2749052"	205.389544891295	225.6721898839	156.121358462116	175.058170578633	299.403220259156	206.648152162867	211.421692494549	161.717623235782	187.229607630758	211.926970827123	190.352165440103	184.233072052456	244.739932600965	194.841681937224	184.073206824323	209.249511219985
"ILMN_1258534"	924.238643205437	824.370460241871	880.61525495094	750.941650210717	1050.61933176029	827.701272126179	870.863076246121	709.832969138099	798.564010940067	909.488197967104	643.740882867029	770.657424548038	885.432872479327	679.065608598716	758.163579988949	825.656385272242
"ILMN_2913222"	546.991245478227	574.367524262937	580.590102420531	660.217110348304	583.824702832158	583.824702832158	604.427854477451	608.007235546122	801.719963930289	557.177054198778	718.707367916888	611.061124146938	549.914065434061	664.8806362633	703.966429129598	594.058308443578
"ILMN_2705969"	312.746343148227	304.632075903786	317.659727272199	303.614855315165	307.043866427981	329.858521985567	323.467955538395	283.843766159967	314.549967991377	350.661695095941	314.549967991377	312.034060217891	365.593655229645	342.429928668099	298.597156418358	293.801850873345
"ILMN_1249407"	582.44783176297	580.590102420531	708.313622126419	711.733809420746	661.963039808303	551.573187220018	664.061565469697	968.786042059434	783.777326733137	526.981800947681	605.088614125146	783.777326733137	625.872656512986	643.067468807593	829.634450595627	754.05640305971
"ILMN_2671572"	837.168170812938	797.027391520704	1069.91384906283	1189.69685252238	921.921381946368	917.216913961538	883.91560404055	1232.80710132226	1090.6514566741	999.104710097449	963.631036165856	900.439591125829	726.939714179538	853.627757889785	1096.94121483679	1015.28782223186
"ILMN_1251519"	197.309912295578	203.294449969372	190.555221569346	198.184999036817	213.604025956418	211.421692494549	206.840093187987	225.203313337471	201.570243107912	200.944654669667	238.911297108168	215.367215655458	252.580962144411	226.867581724119	235.186465907689	215.099561481846
"ILMN_2591592"	133.855613491287	125.949880179087	127.665096841667	127.934246069052	113.949063629399	140.759964590299	120.4680611329	129.096684277202	146.079519762006	105.526577533718	131.434366437759	130.264048613133	129.626676934435	141.160168652535	133.502300205809	119.793051112276
"ILMN_2592187"	198.703645757232	188.463849962094	190.158172748545	207.656860878918	170.141718337078	197.158434133973	149.095793497835	234.539915732051	204.558807895178	187.09345257456	192.762545683941	172.655118248481	205.19637230636	198.983373983367	173.677999985565	167.363119225178
"ILMN_3095257"	579.773730200718	598.104360041224	674.493014752884	739.148958372476	658.239480457663	544.620947145683	559.971732937553	778.669956409203	809.690848397233	585.864542696785	553.302360286551	576.348040716198	527.954141889777	590.083664590591	713.73301720996	681.340124581423
"ILMN_2648569"	112.177752781246	94.2876372711583	100.192817700378	151.58614797513	117.422305967968	93.0715135709738	101.230418292899	141.160168652535	140.605662450288	122.817299980569	174.727553332609	128.703643815237	104.193497395407	163.276772261175	138.289484646169	108.748902203639
"ILMN_3132223"	134.611449889964	130.781619069734	125.717718545231	123.571761485018	128.292936522654	125.190213925272	155.051586413684	133.437251791318	128.780018750781	124.861427970667	134.892593789617	148.264868918934	119.931884021552	123.255338015182	141.500794863347	144.788626383627
"ILMN_2749972"	1074.35662785982	973.003918046898	1143.94788901273	1165.84288190668	1139.57830887997	1094.91846611987	1048.77311056421	1198.15505563585	1067.98593887895	1088.26878045124	1037.69692792628	1088.26878045124	913.728300793946	907.607053795658	1060.60110859663	1165.84288190668
"ILMN_2876560"	153.153610602416	148.150321609599	115.88140471925	144.664681523535	123.850809986981	132.582174108329	150.209337035404	150.085481055762	161.883893699838	133.604508843106	173.677999985565	133.328194717447	149.666321266162	150.085481055762	177.632541344857	149.192291500612
"ILMN_1228123"	101.525760269039	88.1458197200595	112.730126942336	130.414781472562	81.895734183907	95.3029475501018	103.438385129829	133.781169415184	134.683352824819	99.6082046901776	134.790580923605	90.7919240219145	99.2871720678333	127.543432829137	133.855613491287	83.0846742463621
"ILMN_1225594"	1441.86322463571	1607.38483386194	1344.3737658904	1334.15753279403	1527.58579466315	1749.53107133814	1577.29216235243	1373.42416223434	1603.48832265505	1447.2700511658	1749.53107133814	1805.43947233778	1707.9838876821	1810.45874414956	1607.38483386194	1411.38807171846
"ILMN_3161543"	111.316788764189	117.143283282844	119.793051112276	112.087421412042	113.409582899942	127.442554755328	112.349376051708	118.059204758159	102.226104186524	107.59839578992	131.799131848888	98.6694928272732	140.054452327614	128.39049452204	115.31356954784	133.261137432004
"ILMN_2754698"	117.279188350543	138.373904367935	124.194709197465	123.488270415045	114.823986904047	141.362619424953	126.564675170455	147.893363265102	158.809207993293	129.523676240192	126.797088214796	123.425476019088	118.392316332358	135.467317195564	113.185780716766	124.524022672584
"ILMN_2919777"	1895.12827621951	1569.61817327645	1861.85187382593	1475.39801894284	2480.68025759928	1844.35436023372	1626.41006588747	1573.34801053373	1493.45837635556	1626.41006588747	1264.38973908429	1680.43549590423	1828.33996102725	1441.86322463571	1463.28499561063	1639.42080518744
"ILMN_1212794"	238.319797973761	226.867581724119	267.552704069618	261.222345742828	203.706999458619	237.97248606327	222.16390291363	267.218629556561	273.422666182531	220.18694689149	280.146400493415	233.755943685035	272.142736569558	276.146781442055	291.195617733215	213.378807548246
"ILMN_2984999"	332.399485728257	332.399485728257	321.549779122604	317.659727272199	331.552580988504	315.045286532507	375.351163837335	341.228753161057	367.691816226365	346.723865234245	364.494727724366	346.723865234245	337.014788298584	356.087759773082	292.87876165168	367.098277222458
"ILMN_1239463"	169.538005082177	161.389048804271	187.229607630758	185.822878385637	206.840093187987	132.01996265373	151.58614797513	180.377314920561	165.056927324639	202.835088519857	195.292833155716	107.59839578992	142.137066301448	149.817266082515	171.441353435523	205.19637230636
"ILMN_2696977"	32750.6106707934	34947.7955899113	36245.6964382641	36245.6964382641	33836.8724970548	32750.6106707934	32750.6106707934	34947.7955899113	36245.6964382641	38054.3445927803	34947.7955899113	33836.8724970548	36245.6964382641	34947.7955899113	34947.7955899113	34947.7955899113
"ILMN_3090728"	8595.52411185406	9733.49202329232	9348.13607737527	9524.23049796945	9454.64367310926	8802.47765141527	8673.49630935748	11600.9399767879	9206.73108746769	8673.49630935748	7659.71763370047	8897.52066620408	8739.60923264735	8970.46204139514	9348.13607737527	9405.66360399873
"ILMN_2516266"	1447.2700511658	1612.70288645426	1404.59972375186	1435.63473335416	1249.64648149813	1414.72176760012	1696.05118475531	1501.4852486251	1643.30546929055	1573.34801053373	1432.80883382241	1422.5071465758	1422.5071465758	1581.20339463224	1381.96956055759	1508.82533425321
